0.00000,0.00000,0.00000,0.00000,0.00000,0.00000,0.00000,0.00000,0.00000,0.00000,0.00000,0.00000,0.00000,0.00000,0.00000,0.00000,0.00000,0.00000,0.00000,0.00000,0.00000,0.00000,0.00000,0.00000,0.00000,0.00000,0.00000,0.00000,0.00000,0.00000,0.00000,0.00000,0.00000,0.00000,0.00000,0.00000,0.00000,0.00000,0.00000,0.00000,0.00000,0.00000,0.00000,0.00000,0.00000,0.00000,0.00000,0.00000,0.00000,0.00000,0.00000,0.00000,0.00000,0.00000,0.00000,0.00000,0.00000,0.00000,0.00000,0.00000,0.00000,0.00000,0.00000,0.00000,0.00000,0.00000,0.00000,0.00000,0.00000,0.02777,0.08309,0.11065,0.16534,0.16630,0.24828,0.24765,0.26828,0.33227,0.33175,0.33175,0.33269,0.33172,0.33288,0.33175,0.33257,0.33236,0.33139,0.33302,0.33106,0.33217,0.33157,0.33089,0.24923,0.24882,0.24852,0.16615,0.16571,0.11050,0.08285,0.02763,0.00000,0.00000,0.00000,0.00000,0.00000,0.00000,0.00000,0.00000,0.00000,0.00000,0.00000,0.00000,0.00000,0.00000,0.00000,0.00000,0.00000,0.00000,0.00000,0.00000,0.00000,0.00000,0.00000,0.00000,0.00000,0.00000,0.00000,0.00000,0.00000,0.00000,0.00000,0.00000,0.00000,0.00000,0.00000,0.00000,0.00000,0.00000,0.00000,0.00000,0.00000,0.00000,0.00000,0.00000,0.00000,0.00000,0.00000,0.00000,0.00000,0.00000,0.00000,0.00000,0.00000,0.00000,0.00000,0.00000,0.00000,0.00000,0.00000,0.00000,0.00000,0.00000,0.00000,0.00000,0.00000,0.00000,0.00000,0.00000,0.00000
0.00000,0.00000,0.00000,0.00000,0.00000,0.00000,0.00000,0.00000,0.00000,0.00000,0.00000,0.00000,0.00000,0.00000,0.00000,0.00000,0.00000,0.00000,0.00000,0.00000,0.00000,0.00000,0.00000,0.00000,0.00000,0.00000,0.00000,0.00000,0.00000,0.00000,0.00000,0.00000,0.00000,0.00000,0.00000,0.00000,0.00000,0.00000,0.00000,0.00000,0.00000,0.00000,0.00000,0.00000,0.00000,0.00000,0.00000,0.00000,0.00000,0.00000,0.00000,0.00000,0.00000,0.00000,0.00000,0.00000,0.00000,0.00000,0.00000,0.00000,0.00000,0.00000,0.00000,0.00000,0.00000,0.11049,0.18394,0.22095,0.33144,0.33173,0.33291,0.33215,0.33136,0.33180,0.33260,0.33131,0.33145,0.33116,0.33138,0.33022,0.33076,0.33078,0.33182,0.33213,0.33175,0.33275,0.33191,0.33270,0.33224,0.33271,0.33191,0.33187,0.33065,0.33164,0.33136,0.33180,0.33157,0.33173,0.33126,0.33233,0.33182,0.22082,0.18458,0.11062,0.00000,0.00000,0.00000,0.00000,0.00000,0.00000,0.00000,0.00000,0.00000,0.00000,0.00000,0.00000,0.00000,0.00000,0.00000,0.00000,0.00000,0.00000,0.00000,0.00000,0.00000,0.00000,0.00000,0.00000,0.00000,0.00000,0.00000,0.00000,0.00000,0.00000,0.00000,0.00000,0.00000,0.00000,0.00000,0.00000,0.00000,0.00000,0.00000,0.00000,0.00000,0.00000,0.00000,0.00000,0.00000,0.00000,0.00000,0.00000,0.00000,0.00000,0.00000,0.00000,0.00000,0.00000,0.00000,0.00000,0.00000,0.00000,0.00000,0.00000,0.00000,0.00000,0.00000,0.00000,0.00000
0.00000,0.00000,0.00000,0.00000,0.00000,0.00000,0.00000,0.00000,0.00000,0.00000,0.00000,0.00000,0.00000,0.00000,0.00000,0.00000,0.00000,0.00000,0.00000,0.00000,0.00000,0.00000,0.00000,0.00000,0.00000,0.00000,0.00000,0.00000,0.00000,0.00000,0.00000,0.00000,0.00000,0.00000,0.00000,0.00000,0.00000,0.00000,0.00000,0.00000,0.00000,0.00000,0.00000,0.00000,0.00000,0.00000,0.00000,0.00000,0.00000,0.00000,0.00000,0.00000,0.00000,0.00000,0.00000,0.00000,0.00000,0.00000,0.00000,0.00000,0.00000,0.11062,0.18345,0.25793,0.33224,0.33169,0.33076,0.33144,0.33189,0.33113,0.33149,0.33235,0.33187,0.33202,0.33213,0.33220,0.33212,0.33220,0.33224,0.33271,0.33175,0.32994,0.32958,0.33087,0.33076,0.33206,0.33235,0.33209,0.33260,0.33249,0.33187,0.33233,0.33213,0.33197,0.33140,0.33053,0.33153,0.33239,0.33118,0.33164,0.33235,0.33171,0.33160,0.33208,0.33171,0.25859,0.18450,0.11060,0.00000,0.00000,0.00000,0.00000,0.00000,0.00000,0.00000,0.00000,0.00000,0.00000,0.00000,0.00000,0.00000,0.00000,0.00000,0.00000,0.00000,0.00000,0.00000,0.00000,0.00000,0.00000,0.00000,0.00000,0.00000,0.00000,0.00000,0.00000,0.00000,0.00000,0.00000,0.00000,0.00000,0.00000,0.00000,0.00000,0.00000,0.00000,0.00000,0.00000,0.00000,0.00000,0.00000,0.00000,0.00000,0.00000,0.00000,0.00000,0.00000,0.00000,0.00000,0.00000,0.00000,0.00000,0.00000,0.00000,0.00000,0.00000,0.00000,0.00000,0.00000
0.00000,0.00000,0.00000,0.00000,0.00000,0.00000,0.00000,0.00000,0.00000,0.00000,0.00000,0.00000,0.00000,0.00000,0.00000,0.00000,0.00000,0.00000,0.00000,0.00000,0.00000,0.00000,0.00000,0.00000,0.00000,0.00000,0.00000,0.00000,0.00000,0.00000,0.00000,0.00000,0.00000,0.00000,0.00000,0.00000,0.00000,0.00000,0.00000,0.00000,0.00000,0.00000,0.00000,0.00000,0.00000,0.00000,0.00000,0.00000,0.00000,0.00000,0.00000,0.00000,0.00000,0.00000,0.00000,0.00000,0.00000,0.03692,0.11066,0.22076,0.33173,0.33213,0.33040,0.33102,0.33167,0.33180,0.33173,0.33187,0.33175,0.33127,0.33116,0.33116,0.33275,0.33169,0.33240,0.33189,0.33209,0.33295,0.33204,0.33164,0.33271,0.33251,0.33105,0.33107,0.33138,0.32965,0.32971,0.33116,0.33135,0.33301,0.33202,0.33286,0.33332,0.33186,0.33244,0.33096,0.33180,0.33184,0.33206,0.33189,0.33153,0.33229,0.33257,0.33138,0.33209,0.33217,0.33193,0.33266,0.33211,0.22171,0.11080,0.03699,0.00000,0.00000,0.00000,0.00000,0.00000,0.00000,0.00000,0.00000,0.00000,0.00000,0.00000,0.00000,0.00000,0.00000,0.00000,0.00000,0.00000,0.00000,0.00000,0.00000,0.00000,0.00000,0.00000,0.00000,0.00000,0.00000,0.00000,0.00000,0.00000,0.00000,0.00000,0.00000,0.00000,0.00000,0.00000,0.00000,0.00000,0.00000,0.00000,0.00000,0.00000,0.00000,0.00000,0.00000,0.00000,0.00000,0.00000,0.00000,0.00000,0.00000,0.00000,0.00000,0.00000,0.00000,0.00000,0.00000,0.00000
0.00000,0.00000,0.00000,0.00000,0.00000,0.00000,0.00000,0.00000,0.00000,0.00000,0.00000,0.00000,0.00000,0.00000,0.00000,0.00000,0.00000,0.00000,0.00000,0.00000,0.00000,0.00000,0.00000,0.00000,0.00000,0.00000,0.00000,0.00000,0.00000,0.00000,0.00000,0.00000,0.00000,0.00000,0.00000,0.00000,0.00000,0.00000,0.00000,0.00000,0.00000,0.00000,0.00000,0.00000,0.00000,0.00000,0.00000,0.00000,0.00000,0.00000,0.00000,0.00000,0.00000,0.00000,0.00000,0.11029,0.22076,0.33193,0.33268,0.33049,0.33158,0.33189,0.33233,0.33082,0.33091,0.33208,0.33271,0.33175,0.33204,0.33136,0.33091,0.33233,0.33151,0.33240,0.33290,0.33144,0.33221,0.33257,0.33171,0.33235,0.33311,0.33235,0.33324,0.33226,0.33202,0.33169,0.33000,0.33012,0.33011,0.33100,0.33089,0.33288,0.33348,0.33222,0.33313,0.33191,0.33244,0.33209,0.33233,0.33166,0.33184,0.33280,0.33195,0.33257,0.33244,0.33242,0.33215,0.33286,0.33271,0.33211,0.33233,0.33202,0.22166,0.11082,0.00000,0.00000,0.00000,0.00000,0.00000,0.00000,0.00000,0.00000,0.00000,0.00000,0.00000,0.00000,0.00000,0.00000,0.00000,0.00000,0.00000,0.00000,0.00000,0.00000,0.00000,0.00000,0.00000,0.00000,0.00000,0.00000,0.00000,0.00000,0.00000,0.00000,0.00000,0.00000,0.00000,0.00000,0.00000,0.00000,0.00000,0.00000,0.00000,0.00000,0.00000,0.00000,0.00000,0.00000,0.00000,0.00000,0.00000,0.00000,0.00000,0.00000,0.00000,0.00000,0.00000,0.00000,0.00000
0.00000,0.00000,0.00000,0.00000,0.00000,0.00000,0.00000,0.00000,0.00000,0.00000,0.00000,0.00000,0.00000,0.00000,0.00000,0.00000,0.00000,0.00000,0.00000,0.00000,0.00000,0.00000,0.00000,0.00000,0.00000,0.00000,0.00000,0.00000,0.00000,0.00000,0.00000,0.00000,0.00000,0.00000,0.00000,0.00000,0.00000,0.00000,0.00000,0.00000,0.00000,0.00000,0.00000,0.00000,0.00000,0.00000,0.00000,0.00000,0.00000,0.00000,0.00000,0.00000,0.07350,0.18425,0.33162,0.33151,0.33115,0.33147,0.33224,0.33146,0.33171,0.33115,0.33136,0.33273,0.33184,0.33109,0.33215,0.33169,0.33282,0.33211,0.33202,0.33162,0.33240,0.33189,0.33213,0.33273,0.33208,0.33304,0.33144,0.33248,0.33339,0.33262,0.33158,0.33346,0.33217,0.33200,0.33248,0.33184,0.33102,0.33189,0.33104,0.33038,0.33095,0.33118,0.33215,0.33368,0.33222,0.33330,0.33217,0.33255,0.33218,0.33295,0.33262,0.33326,0.33275,0.33220,0.33293,0.33217,0.33295,0.33246,0.33248,0.33301,0.33184,0.33244,0.33104,0.16645,0.03692,0.00000,0.00000,0.00000,0.00000,0.00000,0.00000,0.00000,0.00000,0.00000,0.00000,0.00000,0.00000,0.00000,0.00000,0.00000,0.00000,0.00000,0.00000,0.00000,0.00000,0.00000,0.00000,0.00000,0.00000,0.00000,0.00000,0.00000,0.00000,0.00000,0.00000,0.00000,0.00000,0.00000,0.00000,0.00000,0.00000,0.00000,0.00000,0.00000,0.00000,0.00000,0.00000,0.00000,0.00000,0.00000,0.00000,0.00000,0.00000,0.00000,0.00000,0.00000,0.00000
0.00000,0.00000,0.00000,0.00000,0.00000,0.00000,0.00000,0.00000,0.00000,0.00000,0.00000,0.00000,0.00000,0.00000,0.00000,0.00000,0.00000,0.00000,0.00000,0.00000,0.00000,0.00000,0.00000,0.00000,0.00000,0.00000,0.00000,0.00000,0.00000,0.00000,0.00000,0.00000,0.00000,0.00000,0.00000,0.00000,0.00000,0.00000,0.00000,0.00000,0.00000,0.00000,0.00000,0.00000,0.00000,0.00000,0.00000,0.00000,0.00000,0.00000,0.14737,0.25790,0.33054,0.33126,0.33157,0.33138,0.33169,0.33193,0.33126,0.33195,0.33169,0.33158,0.33136,0.33178,0.33249,0.33270,0.33126,0.33122,0.33284,0.33339,0.33237,0.33200,0.33217,0.33279,0.33282,0.33271,0.33292,0.33224,0.33308,0.33182,0.33109,0.33344,0.33160,0.33255,0.33383,0.33178,0.33215,0.33237,0.33342,0.33209,0.33277,0.33291,0.33177,0.33091,0.32978,0.33111,0.33126,0.33253,0.33370,0.33357,0.33282,0.33240,0.33319,0.33311,0.33284,0.33277,0.33151,0.33270,0.33288,0.33191,0.33270,0.33302,0.33240,0.33273,0.33222,0.33339,0.33284,0.22162,0.07383,0.00000,0.00000,0.00000,0.00000,0.00000,0.00000,0.00000,0.00000,0.00000,0.00000,0.00000,0.00000,0.00000,0.00000,0.00000,0.00000,0.00000,0.00000,0.00000,0.00000,0.00000,0.00000,0.00000,0.00000,0.00000,0.00000,0.00000,0.00000,0.00000,0.00000,0.00000,0.00000,0.00000,0.00000,0.00000,0.00000,0.00000,0.00000,0.00000,0.00000,0.00000,0.00000,0.00000,0.00000,0.00000,0.00000,0.00000,0.00000,0.00000,0.00000
0.00000,0.00000,0.00000,0.00000,0.00000,0.00000,0.00000,0.00000,0.00000,0.00000,0.00000,0.00000,0.00000,0.00000,0.00000,0.00000,0.00000,0.00000,0.00000,0.00000,0.00000,0.00000,0.00000,0.00000,0.00000,0.00000,0.00000,0.00000,0.00000,0.00000,0.00000,0.00000,0.00000,0.00000,0.00000,0.00000,0.00000,0.00000,0.00000,0.00000,0.00000,0.00000,0.00000,0.00000,0.00000,0.00000,0.00000,0.00000,0.14773,0.29403,0.33060,0.33147,0.33109,0.33175,0.33115,0.33173,0.33175,0.33186,0.33177,0.33187,0.33158,0.33164,0.33249,0.33217,0.33184,0.33195,0.33333,0.33275,0.33146,0.33244,0.33286,0.33291,0.33177,0.33264,0.33297,0.33355,0.33295,0.33217,0.33290,0.33208,0.33197,0.33222,0.33249,0.33167,0.33264,0.33259,0.33239,0.33295,0.33290,0.33384,0.33297,0.33408,0.33373,0.33326,0.33177,0.33291,0.33113,0.32991,0.33003,0.33140,0.33224,0.33306,0.33304,0.33268,0.33379,0.33372,0.33297,0.33470,0.33299,0.33262,0.33353,0.33348,0.33304,0.33255,0.33328,0.33317,0.33315,0.33319,0.33228,0.25874,0.07405,0.00000,0.00000,0.00000,0.00000,0.00000,0.00000,0.00000,0.00000,0.00000,0.00000,0.00000,0.00000,0.00000,0.00000,0.00000,0.00000,0.00000,0.00000,0.00000,0.00000,0.00000,0.00000,0.00000,0.00000,0.00000,0.00000,0.00000,0.00000,0.00000,0.00000,0.00000,0.00000,0.00000,0.00000,0.00000,0.00000,0.00000,0.00000,0.00000,0.00000,0.00000,0.00000,0.00000,0.00000,0.00000,0.00000,0.00000,0.00000
0.00000,0.00000,0.00000,0.00000,0.00000,0.00000,0.00000,0.00000,0.00000,0.00000,0.00000,0.00000,0.00000,0.00000,0.00000,0.00000,0.00000,0.00000,0.00000,0.00000,0.00000,0.00000,0.00000,0.00000,0.00000,0.00000,0.00000,0.00000,0.00000,0.00000,0.00000,0.00000,0.00000,0.00000,0.00000,0.00000,0.00000,0.00000,0.00000,0.00000,0.00000,0.00000,0.00000,0.00000,0.00000,0.00000,0.14719,0.29408,0.33084,0.33184,0.33051,0.33098,0.33095,0.33107,0.33122,0.33151,0.33118,0.33213,0.33084,0.33178,0.33171,0.33186,0.33218,0.33158,0.33208,0.33251,0.33166,0.33397,0.33237,0.33187,0.33173,0.33315,0.33299,0.33282,0.33242,0.33266,0.33202,0.33189,0.33224,0.33290,0.33177,0.33138,0.33169,0.33253,0.33213,0.33275,0.33363,0.33304,0.33393,0.33536,0.33481,0.33572,0.33579,0.33663,0.33638,0.33528,0.33556,0.33548,0.33481,0.33446,0.33082,0.33023,0.33229,0.33332,0.33485,0.33397,0.33483,0.33412,0.33401,0.33370,0.33333,0.33435,0.33282,0.33169,0.33319,0.33313,0.33284,0.33342,0.33288,0.33291,0.33311,0.25843,0.07367,0.00000,0.00000,0.00000,0.00000,0.00000,0.00000,0.00000,0.00000,0.00000,0.00000,0.00000,0.00000,0.00000,0.00000,0.00000,0.00000,0.00000,0.00000,0.00000,0.00000,0.00000,0.00000,0.00000,0.00000,0.00000,0.00000,0.00000,0.00000,0.00000,0.00000,0.00000,0.00000,0.00000,0.00000,0.00000,0.00000,0.00000,0.00000,0.00000,0.00000,0.00000,0.00000,0.00000,0.00000,0.00000,0.00000
0.00000,0.00000,0.00000,0.00000,0.00000,0.00000,0.00000,0.00000,0.00000,0.00000,0.00000,0.00000,0.00000,0.00000,0.00000,0.00000,0.00000,0.00000,0.00000,0.00000,0.00000,0.00000,0.00000,0.00000,0.00000,0.00000,0.00000,0.00000,0.00000,0.00000,0.00000,0.00000,0.00000,0.00000,0.00000,0.00000,0.00000,0.00000,0.00000,0.00000,0.00000,0.00000,0.00000,0.00000,0.14719,0.29492,0.33093,0.33031,0.33162,0.33133,0.33078,0.33146,0.33100,0.33107,0.33138,0.33197,0.33122,0.33149,0.33091,0.33180,0.33228,0.33240,0.33208,0.33131,0.33217,0.33295,0.33233,0.33195,0.33315,0.33270,0.33262,0.33217,0.33249,0.33187,0.33231,0.33162,0.33201,0.33352,0.33229,0.33208,0.33306,0.33346,0.33829,0.34666,0.35437,0.36155,0.36872,0.37670,0.40202,0.39843,0.38379,0.37592,0.37304,0.37008,0.36990,0.36872,0.36843,0.36899,0.36890,0.36990,0.37076,0.37003,0.36974,0.36458,0.35720,0.34826,0.33993,0.33543,0.33384,0.33353,0.33211,0.33353,0.33264,0.33127,0.33266,0.33268,0.33253,0.33259,0.33257,0.33242,0.33218,0.33222,0.33311,0.25870,0.07379,0.00000,0.00000,0.00000,0.00000,0.00000,0.00000,0.00000,0.00000,0.00000,0.00000,0.00000,0.00000,0.00000,0.00000,0.00000,0.00000,0.00000,0.00000,0.00000,0.00000,0.00000,0.00000,0.00000,0.00000,0.00000,0.00000,0.00000,0.00000,0.00000,0.00000,0.00000,0.00000,0.00000,0.00000,0.00000,0.00000,0.00000,0.00000,0.00000,0.00000,0.00000,0.00000,0.00000,0.00000
0.00000,0.00000,0.00000,0.00000,0.00000,0.00000,0.00000,0.00000,0.00000,0.00000,0.00000,0.00000,0.00000,0.00000,0.00000,0.00000,0.00000,0.00000,0.00000,0.00000,0.00000,0.00000,0.00000,0.00000,0.00000,0.00000,0.00000,0.00000,0.00000,0.00000,0.00000,0.00000,0.00000,0.00000,0.00000,0.00000,0.00000,0.00000,0.00000,0.00000,0.00000,0.00000,0.11058,0.29496,0.33127,0.33133,0.33171,0.33135,0.33060,0.33169,0.33200,0.33169,0.33157,0.33157,0.33178,0.33151,0.33175,0.33182,0.33275,0.33191,0.33246,0.33087,0.33266,0.33384,0.33215,0.33222,0.33350,0.33279,0.33366,0.33359,0.33324,0.33290,0.33204,0.33186,0.33335,0.33519,0.33913,0.35109,0.36192,0.37364,0.38265,0.38697,0.38728,0.38252,0.37515,0.37101,0.36440,0.36104,0.37276,0.38757,0.38529,0.38883,0.39338,0.39216,0.38616,0.37800,0.36629,0.35320,0.33988,0.33523,0.33490,0.33536,0.33514,0.33698,0.34427,0.35340,0.35997,0.36648,0.36101,0.35173,0.34174,0.33654,0.33510,0.33310,0.33404,0.33359,0.33301,0.33291,0.33209,0.33319,0.33319,0.33321,0.33251,0.33282,0.33157,0.25850,0.03699,0.00000,0.00000,0.00000,0.00000,0.00000,0.00000,0.00000,0.00000,0.00000,0.00000,0.00000,0.00000,0.00000,0.00000,0.00000,0.00000,0.00000,0.00000,0.00000,0.00000,0.00000,0.00000,0.00000,0.00000,0.00000,0.00000,0.00000,0.00000,0.00000,0.00000,0.00000,0.00000,0.00000,0.00000,0.00000,0.00000,0.00000,0.00000,0.00000,0.00000,0.00000,0.00000
0.00000,0.00000,0.00000,0.00000,0.00000,0.00000,0.00000,0.00000,0.00000,0.00000,0.00000,0.00000,0.00000,0.00000,0.00000,0.00000,0.00000,0.00000,0.00000,0.00000,0.00000,0.00000,0.00000,0.00000,0.00000,0.00000,0.00000,0.00000,0.00000,0.00000,0.00000,0.00000,0.00000,0.00000,0.00000,0.00000,0.00000,0.00000,0.00000,0.00000,0.07356,0.25812,0.33098,0.33164,0.33237,0.33084,0.33124,0.33169,0.33197,0.33065,0.33167,0.33140,0.33240,0.33237,0.33116,0.33266,0.33105,0.33191,0.33209,0.33228,0.33235,0.33275,0.33226,0.33326,0.33295,0.33310,0.33317,0.33415,0.33262,0.33235,0.33249,0.33587,0.34724,0.35845,0.36850,0.37344,0.37508,0.36972,0.36354,0.36128,0.36504,0.36059,0.35690,0.35643,0.35853,0.36035,0.35803,0.35690,0.35940,0.35802,0.35694,0.35734,0.35552,0.35539,0.35537,0.35576,0.36077,0.36877,0.37656,0.37472,0.36795,0.35871,0.34865,0.33789,0.33408,0.33439,0.33497,0.33658,0.34250,0.35304,0.36061,0.36538,0.35628,0.34392,0.33671,0.33326,0.33454,0.33397,0.33195,0.33348,0.33297,0.33279,0.33268,0.33317,0.33228,0.33264,0.33339,0.18419,0.03692,0.00000,0.00000,0.00000,0.00000,0.00000,0.00000,0.00000,0.00000,0.00000,0.00000,0.00000,0.00000,0.00000,0.00000,0.00000,0.00000,0.00000,0.00000,0.00000,0.00000,0.00000,0.00000,0.00000,0.00000,0.00000,0.00000,0.00000,0.00000,0.00000,0.00000,0.00000,0.00000,0.00000,0.00000,0.00000,0.00000,0.00000,0.00000,0.00000,0.00000
0.00000,0.00000,0.00000,0.00000,0.00000,0.00000,0.00000,0.00000,0.00000,0.00000,0.00000,0.00000,0.00000,0.00000,0.00000,0.00000,0.00000,0.00000,0.00000,0.00000,0.00000,0.00000,0.00000,0.00000,0.00000,0.00000,0.00000,0.00000,0.00000,0.00000,0.00000,0.00000,0.00000,0.00000,0.00000,0.00000,0.00000,0.00000,0.00000,0.18434,0.33064,0.33173,0.33136,0.33065,0.33198,0.33173,0.33198,0.33098,0.33164,0.33206,0.33100,0.33197,0.33178,0.33208,0.33182,0.33248,0.33239,0.33251,0.33146,0.33253,0.33248,0.33306,0.33284,0.33353,0.33322,0.33264,0.33244,0.33541,0.34804,0.36259,0.37340,0.37639,0.36897,0.35988,0.35360,0.35397,0.35403,0.35561,0.35492,0.35175,0.35251,0.35216,0.35215,0.35029,0.35054,0.35350,0.35446,0.35368,0.35543,0.35242,0.35012,0.35180,0.34987,0.34606,0.34797,0.34919,0.35029,0.34950,0.35175,0.35216,0.35663,0.36206,0.36868,0.37652,0.37656,0.36586,0.34947,0.33736,0.33561,0.33479,0.33519,0.33649,0.34810,0.36265,0.36376,0.35008,0.33953,0.33448,0.33424,0.33368,0.33332,0.33332,0.33304,0.33282,0.33284,0.33253,0.33235,0.33282,0.29492,0.11113,0.00000,0.00000,0.00000,0.00000,0.00000,0.00000,0.00000,0.00000,0.00000,0.00000,0.00000,0.00000,0.00000,0.00000,0.00000,0.00000,0.00000,0.00000,0.00000,0.00000,0.00000,0.00000,0.00000,0.00000,0.00000,0.00000,0.00000,0.00000,0.00000,0.00000,0.00000,0.00000,0.00000,0.00000,0.00000,0.00000,0.00000,0.00000,0.00000
0.00000,0.00000,0.00000,0.00000,0.00000,0.00000,0.00000,0.00000,0.00000,0.00000,0.00000,0.00000,0.00000,0.00000,0.00000,0.00000,0.00000,0.00000,0.00000,0.00000,0.00000,0.00000,0.00000,0.00000,0.00000,0.00000,0.00000,0.00000,0.00000,0.00000,0.00000,0.00000,0.00000,0.00000,0.00000,0.00000,0.00000,0.03681,0.24829,0.33178,0.33065,0.33182,0.33149,0.33011,0.33195,0.33115,0.33240,0.33142,0.33228,0.33146,0.33251,0.33231,0.33107,0.33162,0.33228,0.33322,0.33198,0.33204,0.33162,0.33228,0.33315,0.33127,0.33332,0.33466,0.34243,0.35738,0.36948,0.37459,0.36644,0.35649,0.35247,0.35408,0.35459,0.35716,0.35649,0.35308,0.35319,0.35193,0.35072,0.35176,0.34969,0.34826,0.35036,0.34819,0.34737,0.34735,0.34970,0.35062,0.35244,0.35140,0.35113,0.34881,0.35306,0.35067,0.34958,0.35185,0.34983,0.34777,0.34812,0.34848,0.34972,0.35127,0.35122,0.35144,0.35288,0.35703,0.36826,0.37688,0.37665,0.36082,0.34496,0.33528,0.33435,0.33523,0.33950,0.35603,0.36782,0.36254,0.35359,0.34378,0.33678,0.33432,0.33373,0.33342,0.33322,0.33262,0.33160,0.33324,0.33193,0.33290,0.22177,0.03673,0.00000,0.00000,0.00000,0.00000,0.00000,0.00000,0.00000,0.00000,0.00000,0.00000,0.00000,0.00000,0.00000,0.00000,0.00000,0.00000,0.00000,0.00000,0.00000,0.00000,0.00000,0.00000,0.00000,0.00000,0.00000,0.00000,0.00000,0.00000,0.00000,0.00000,0.00000,0.00000,0.00000,0.00000,0.00000,0.00000,0.00000
0.00000,0.00000,0.00000,0.00000,0.00000,0.00000,0.00000,0.00000,0.00000,0.00000,0.00000,0.00000,0.00000,0.00000,0.00000,0.00000,0.00000,0.00000,0.00000,0.00000,0.00000,0.00000,0.00000,0.00000,0.00000,0.00000,0.00000,0.00000,0.00000,0.00000,0.00000,0.00000,0.00000,0.00000,0.00000,0.00000,0.11004,0.29414,0.33023,0.33144,0.33113,0.33208,0.33095,0.33115,0.33166,0.33098,0.33115,0.33220,0.33228,0.33171,0.33180,0.33246,0.33107,0.33167,0.33239,0.33280,0.33131,0.33242,0.33315,0.33311,0.33424,0.34476,0.36522,0.37395,0.36133,0.35136,0.35122,0.34830,0.34930,0.35207,0.35461,0.35565,0.35317,0.35120,0.34952,0.35196,0.35226,0.34815,0.34857,0.34910,0.35111,0.35393,0.35120,0.34896,0.34325,0.34445,0.34865,0.35154,0.35415,0.35286,0.35224,0.34877,0.34969,0.35062,0.35040,0.35010,0.34938,0.34994,0.34768,0.34883,0.34967,0.34921,0.34981,0.34686,0.34757,0.34963,0.35087,0.34879,0.35335,0.36352,0.37300,0.37738,0.36883,0.34876,0.33527,0.33373,0.33840,0.34701,0.36084,0.37220,0.37338,0.35988,0.34440,0.33731,0.33395,0.33262,0.33277,0.33209,0.33266,0.33284,0.33215,0.29538,0.11089,0.00000,0.00000,0.00000,0.00000,0.00000,0.00000,0.00000,0.00000,0.00000,0.00000,0.00000,0.00000,0.00000,0.00000,0.00000,0.00000,0.00000,0.00000,0.00000,0.00000,0.00000,0.00000,0.00000,0.00000,0.00000,0.00000,0.00000,0.00000,0.00000,0.00000,0.00000,0.00000,0.00000,0.00000,0.00000,0.00000
0.00000,0.00000,0.00000,0.00000,0.00000,0.00000,0.00000,0.00000,0.00000,0.00000,0.00000,0.00000,0.00000,0.00000,0.00000,0.00000,0.00000,0.00000,0.00000,0.00000,0.00000,0.00000,0.00000,0.00000,0.00000,0.00000,0.00000,0.00000,0.00000,0.00000,0.00000,0.00000,0.00000,0.00000,0.03659,0.22104,0.33093,0.33093,0.33046,0.33113,0.33133,0.33129,0.33104,0.33146,0.33009,0.33173,0.33087,0.33144,0.33224,0.33204,0.33275,0.33109,0.33275,0.33198,0.33147,0.33311,0.33414,0.33299,0.33641,0.35333,0.36921,0.36420,0.35849,0.35114,0.34411,0.35010,0.34318,0.35018,0.35109,0.34981,0.35408,0.35209,0.35333,0.35231,0.34936,0.35072,0.34918,0.35020,0.34752,0.34564,0.34046,0.33798,0.33579,0.33658,0.33809,0.34484,0.34704,0.35158,0.35437,0.35180,0.35167,0.35105,0.35202,0.35041,0.35107,0.35016,0.34914,0.34916,0.34896,0.34941,0.34801,0.34533,0.34504,0.34695,0.34934,0.35032,0.34737,0.34868,0.35060,0.35140,0.35118,0.35196,0.35698,0.37107,0.37721,0.36020,0.33784,0.33339,0.33423,0.33671,0.34540,0.36195,0.38257,0.38791,0.37475,0.35012,0.33795,0.33466,0.33310,0.33361,0.33235,0.33282,0.33229,0.22166,0.03690,0.00000,0.00000,0.00000,0.00000,0.00000,0.00000,0.00000,0.00000,0.00000,0.00000,0.00000,0.00000,0.00000,0.00000,0.00000,0.00000,0.00000,0.00000,0.00000,0.00000,0.00000,0.00000,0.00000,0.00000,0.00000,0.00000,0.00000,0.00000,0.00000,0.00000,0.00000,0.00000,0.00000,0.00000
0.00000,0.00000,0.00000,0.00000,0.00000,0.00000,0.00000,0.00000,0.00000,0.00000,0.00000,0.00000,0.00000,0.00000,0.00000,0.00000,0.00000,0.00000,0.00000,0.00000,0.00000,0.00000,0.00000,0.00000,0.00000,0.00000,0.00000,0.00000,0.00000,0.00000,0.00000,0.00000,0.00000,0.07356,0.29370,0.33084,0.33100,0.33089,0.33060,0.33016,0.33060,0.33042,0.33111,0.33144,0.33175,0.33240,0.33127,0.33140,0.33200,0.33220,0.33177,0.33330,0.33217,0.33160,0.33217,0.33461,0.34106,0.36268,0.36919,0.35131,0.34165,0.35151,0.34628,0.35269,0.35185,0.35000,0.35202,0.34952,0.34905,0.35297,0.35083,0.35313,0.35133,0.34799,0.34768,0.34507,0.34290,0.34467,0.34608,0.34850,0.34837,0.34835,0.34965,0.35038,0.35023,0.35371,0.35291,0.35227,0.35083,0.35129,0.35253,0.35317,0.35131,0.34949,0.34715,0.34642,0.34952,0.34068,0.34066,0.34254,0.34611,0.34835,0.34759,0.34721,0.34715,0.34702,0.34753,0.34930,0.35167,0.35206,0.35133,0.35113,0.35503,0.35346,0.35313,0.36128,0.37947,0.37245,0.34622,0.33326,0.33335,0.33722,0.33592,0.34010,0.35731,0.37544,0.38511,0.37535,0.36030,0.34783,0.33785,0.33346,0.33249,0.33317,0.29573,0.07392,0.00000,0.00000,0.00000,0.00000,0.00000,0.00000,0.00000,0.00000,0.00000,0.00000,0.00000,0.00000,0.00000,0.00000,0.00000,0.00000,0.00000,0.00000,0.00000,0.00000,0.00000,0.00000,0.00000,0.00000,0.00000,0.00000,0.00000,0.00000,0.00000,0.00000,0.00000,0.00000,0.00000
0.00000,0.00000,0.00000,0.00000,0.00000,0.00000,0.00000,0.00000,0.00000,0.00000,0.00000,0.00000,0.00000,0.00000,0.00000,0.00000,0.00000,0.00000,0.00000,0.00000,0.00000,0.00000,0.00000,0.00000,0.00000,0.00000,0.00000,0.00000,0.00000,0.00000,0.00000,0.00000,0.14688,0.33018,0.33071,0.33060,0.33064,0.33091,0.33135,0.33058,0.33051,0.33080,0.33155,0.33104,0.33304,0.33208,0.33255,0.33193,0.33158,0.33149,0.33319,0.33288,0.33317,0.33388,0.34600,0.36635,0.36839,0.34936,0.34168,0.34662,0.34825,0.34084,0.34241,0.35432,0.35822,0.35344,0.35089,0.35215,0.34972,0.35134,0.35342,0.35080,0.35213,0.35537,0.35348,0.35395,0.35323,0.35311,0.34806,0.34735,0.34784,0.34814,0.34784,0.34859,0.35032,0.35215,0.35344,0.35268,0.35246,0.34994,0.35346,0.35346,0.35107,0.34945,0.34815,0.34766,0.34318,0.33928,0.33729,0.33669,0.33607,0.33767,0.33714,0.33696,0.33891,0.34135,0.34476,0.34881,0.35072,0.35065,0.34834,0.34786,0.34876,0.35299,0.35014,0.35014,0.35133,0.35681,0.37488,0.37936,0.35791,0.33610,0.33280,0.33457,0.33534,0.33744,0.34008,0.34726,0.36040,0.37134,0.38066,0.37803,0.36230,0.34496,0.33689,0.33204,0.14784,0.00000,0.00000,0.00000,0.00000,0.00000,0.00000,0.00000,0.00000,0.00000,0.00000,0.00000,0.00000,0.00000,0.00000,0.00000,0.00000,0.00000,0.00000,0.00000,0.00000,0.00000,0.00000,0.00000,0.00000,0.00000,0.00000,0.00000,0.00000,0.00000,0.00000,0.00000,0.00000
0.00000,0.00000,0.00000,0.00000,0.00000,0.00000,0.00000,0.00000,0.00000,0.00000,0.00000,0.00000,0.00000,0.00000,0.00000,0.00000,0.00000,0.00000,0.00000,0.00000,0.00000,0.00000,0.00000,0.00000,0.00000,0.00000,0.00000,0.00000,0.00000,0.00000,0.00000,0.22013,0.33144,0.33073,0.32912,0.33060,0.33118,0.33054,0.33108,0.33118,0.33115,0.33220,0.33140,0.33273,0.33237,0.33233,0.33222,0.33279,0.33275,0.33315,0.33286,0.33559,0.35237,0.37136,0.37089,0.35063,0.34232,0.34276,0.34741,0.34958,0.34839,0.35080,0.35213,0.35311,0.35196,0.35335,0.35113,0.35151,0.35124,0.35096,0.35448,0.35313,0.34540,0.34423,0.35118,0.35240,0.35033,0.35288,0.35063,0.34646,0.34949,0.35237,0.34670,0.34369,0.34850,0.35191,0.35659,0.35439,0.35087,0.35089,0.35291,0.35417,0.35005,0.34775,0.34905,0.35025,0.34987,0.34857,0.34846,0.34768,0.34454,0.34165,0.33878,0.33802,0.33565,0.33485,0.33541,0.33915,0.34269,0.34476,0.34425,0.35005,0.34897,0.34888,0.35023,0.34759,0.34414,0.34996,0.35051,0.35286,0.36700,0.38048,0.36635,0.34042,0.33290,0.33342,0.33220,0.33381,0.33539,0.33658,0.33649,0.34104,0.35700,0.37087,0.38075,0.36212,0.33565,0.22158,0.00000,0.00000,0.00000,0.00000,0.00000,0.00000,0.00000,0.00000,0.00000,0.00000,0.00000,0.00000,0.00000,0.00000,0.00000,0.00000,0.00000,0.00000,0.00000,0.00000,0.00000,0.00000,0.00000,0.00000,0.00000,0.00000,0.00000,0.00000,0.00000,0.00000,0.00000
0.00000,0.00000,0.00000,0.00000,0.00000,0.00000,0.00000,0.00000,0.00000,0.00000,0.00000,0.00000,0.00000,0.00000,0.00000,0.00000,0.00000,0.00000,0.00000,0.00000,0.00000,0.00000,0.00000,0.00000,0.00000,0.00000,0.00000,0.00000,0.00000,0.03664,0.25721,0.33051,0.33118,0.33018,0.33105,0.32967,0.33002,0.33126,0.33135,0.33109,0.33091,0.33217,0.33244,0.33297,0.33222,0.33355,0.33282,0.33218,0.33468,0.33888,0.35762,0.36916,0.35738,0.34744,0.33889,0.33922,0.34657,0.34872,0.34773,0.34609,0.34835,0.34992,0.34978,0.35227,0.35165,0.35102,0.35268,0.35009,0.35251,0.35322,0.35419,0.35187,0.35302,0.34903,0.34600,0.34130,0.34136,0.34828,0.35144,0.35390,0.35145,0.34172,0.33776,0.33827,0.34846,0.35257,0.35415,0.35134,0.34941,0.35215,0.35295,0.35142,0.35109,0.34974,0.35087,0.34947,0.34761,0.34832,0.34826,0.34629,0.34524,0.34604,0.34677,0.34914,0.34750,0.34077,0.33818,0.34846,0.34936,0.35063,0.35118,0.35007,0.34773,0.35113,0.34795,0.34962,0.34717,0.34183,0.34301,0.34719,0.35082,0.35083,0.36033,0.37913,0.36700,0.33953,0.33357,0.33249,0.33280,0.33251,0.33426,0.33450,0.33463,0.33756,0.33880,0.36150,0.37865,0.35085,0.26032,0.03653,0.00000,0.00000,0.00000,0.00000,0.00000,0.00000,0.00000,0.00000,0.00000,0.00000,0.00000,0.00000,0.00000,0.00000,0.00000,0.00000,0.00000,0.00000,0.00000,0.00000,0.00000,0.00000,0.00000,0.00000,0.00000,0.00000,0.00000,0.00000,0.00000
0.00000,0.00000,0.00000,0.00000,0.00000,0.00000,0.00000,0.00000,0.00000,0.00000,0.00000,0.00000,0.00000,0.00000,0.00000,0.00000,0.00000,0.00000,0.00000,0.00000,0.00000,0.00000,0.00000,0.00000,0.00000,0.00000,0.00000,0.00000,0.03661,0.29405,0.33082,0.33200,0.33104,0.33054,0.33080,0.33036,0.33136,0.33073,0.33071,0.33222,0.33240,0.33235,0.33293,0.33332,0.33332,0.33239,0.33414,0.33630,0.36329,0.38077,0.35621,0.33614,0.34702,0.34513,0.34834,0.34659,0.34394,0.34520,0.35315,0.35158,0.34653,0.34606,0.34879,0.35009,0.35439,0.35410,0.35288,0.35249,0.35196,0.35499,0.35441,0.34659,0.34865,0.35156,0.35286,0.35563,0.35435,0.35534,0.34987,0.34808,0.35508,0.35410,0.35309,0.35025,0.35093,0.35492,0.35681,0.35453,0.35432,0.35406,0.35195,0.35142,0.35158,0.35080,0.35202,0.35045,0.34967,0.34856,0.34571,0.34859,0.34569,0.35021,0.34939,0.34478,0.34591,0.34872,0.35069,0.34972,0.35335,0.35224,0.35014,0.34507,0.34890,0.34914,0.34595,0.34316,0.34781,0.34961,0.34256,0.34143,0.34248,0.34447,0.34859,0.35293,0.35747,0.37451,0.36828,0.34050,0.33273,0.33301,0.33220,0.33229,0.33266,0.33313,0.33539,0.33636,0.34476,0.37118,0.37834,0.32768,0.04175,0.00000,0.00000,0.00000,0.00000,0.00000,0.00000,0.00000,0.00000,0.00000,0.00000,0.00000,0.00000,0.00000,0.00000,0.00000,0.00000,0.00000,0.00000,0.00000,0.00000,0.00000,0.00000,0.00000,0.00000,0.00000,0.00000,0.00000,0.00000
0.00000,0.00000,0.00000,0.00000,0.00000,0.00000,0.00000,0.00000,0.00000,0.00000,0.00000,0.00000,0.00000,0.00000,0.00000,0.00000,0.00000,0.00000,0.00000,0.00000,0.00000,0.00000,0.00000,0.00000,0.00000,0.00000,0.00000,0.11036,0.29474,0.32978,0.33043,0.33012,0.33173,0.33105,0.33051,0.33095,0.33080,0.33157,0.33218,0.33189,0.33266,0.33279,0.33335,0.33319,0.33213,0.33352,0.35051,0.37659,0.36039,0.34236,0.34690,0.34801,0.35419,0.35269,0.34721,0.34852,0.35144,0.34870,0.34945,0.34994,0.35018,0.35100,0.35176,0.35100,0.35384,0.35541,0.34916,0.34345,0.34493,0.35811,0.37183,0.38609,0.40463,0.42045,0.42891,0.44074,0.44918,0.45659,0.46227,0.45963,0.45321,0.44158,0.42705,0.41810,0.41294,0.39435,0.38234,0.37616,0.36775,0.35820,0.35490,0.35134,0.35156,0.34905,0.34965,0.35142,0.35147,0.35129,0.35009,0.35063,0.35087,0.34662,0.35098,0.35140,0.35306,0.35116,0.34817,0.35260,0.35514,0.35103,0.34992,0.34976,0.34910,0.34506,0.34294,0.34136,0.34145,0.34578,0.34848,0.34777,0.34602,0.34234,0.34267,0.34662,0.35072,0.34792,0.35506,0.37723,0.36478,0.33630,0.33304,0.33249,0.33302,0.33251,0.33516,0.33284,0.33468,0.33568,0.34117,0.35802,0.33124,0.12652,0.00000,0.00000,0.00000,0.00000,0.00000,0.00000,0.00000,0.00000,0.00000,0.00000,0.00000,0.00000,0.00000,0.00000,0.00000,0.00000,0.00000,0.00000,0.00000,0.00000,0.00000,0.00000,0.00000,0.00000,0.00000,0.00000,0.00000
0.00000,0.00000,0.00000,0.00000,0.00000,0.00000,0.00000,0.00000,0.00000,0.00000,0.00000,0.00000,0.00000,0.00000,0.00000,0.00000,0.00000,0.00000,0.00000,0.00000,0.00000,0.00000,0.00000,0.00000,0.00000,0.00000,0.11040,0.32983,0.33111,0.33127,0.33080,0.33049,0.33049,0.33160,0.33202,0.33105,0.33182,0.33133,0.33249,0.33359,0.33251,0.33273,0.33213,0.33071,0.34066,0.36702,0.36421,0.34681,0.33831,0.34320,0.35353,0.35765,0.35089,0.34848,0.34985,0.34828,0.35184,0.35532,0.35178,0.35080,0.35426,0.35231,0.35554,0.35763,0.37112,0.39665,0.42075,0.44319,0.46096,0.47562,0.48661,0.48697,0.48583,0.48409,0.48085,0.48039,0.47957,0.47859,0.47636,0.47751,0.47950,0.48151,0.48063,0.48282,0.48369,0.48595,0.48927,0.48922,0.48391,0.47228,0.45996,0.44213,0.42047,0.40135,0.38055,0.36489,0.35938,0.35021,0.35111,0.35260,0.34959,0.35091,0.34987,0.35076,0.35138,0.35200,0.35565,0.35288,0.35521,0.35466,0.35200,0.34950,0.34866,0.34916,0.35010,0.34661,0.34011,0.33822,0.34143,0.34270,0.34659,0.34812,0.34863,0.34289,0.34571,0.34835,0.34578,0.33966,0.35402,0.37371,0.35876,0.33625,0.33302,0.33268,0.33384,0.33270,0.33363,0.33404,0.33457,0.33452,0.33827,0.34278,0.11399,0.00000,0.00000,0.00000,0.00000,0.00000,0.00000,0.00000,0.00000,0.00000,0.00000,0.00000,0.00000,0.00000,0.00000,0.00000,0.00000,0.00000,0.00000,0.00000,0.00000,0.00000,0.00000,0.00000,0.00000,0.00000,0.00000
0.00000,0.00000,0.00000,0.00000,0.00000,0.00000,0.00000,0.00000,0.00000,0.00000,0.00000,0.00000,0.00000,0.00000,0.00000,0.00000,0.00000,0.00000,0.00000,0.00000,0.00000,0.00000,0.00000,0.00000,0.00000,0.11047,0.33104,0.33111,0.33120,0.33011,0.33040,0.33157,0.33058,0.33202,0.33275,0.33198,0.33122,0.33209,0.33254,0.33304,0.33167,0.33153,0.33361,0.35514,0.37309,0.35410,0.34947,0.34372,0.34755,0.35047,0.35322,0.35320,0.35311,0.35063,0.35149,0.35268,0.34899,0.34952,0.35503,0.35587,0.36298,0.39759,0.44304,0.47292,0.48778,0.48522,0.48191,0.47908,0.47443,0.47542,0.47441,0.47423,0.47387,0.47361,0.47372,0.47317,0.47447,0.47445,0.47432,0.47290,0.47352,0.47401,0.47308,0.47336,0.47248,0.47290,0.47286,0.47615,0.47361,0.47392,0.47573,0.47655,0.48027,0.48351,0.48749,0.48754,0.47461,0.45267,0.42020,0.39056,0.36790,0.35492,0.35209,0.35012,0.34498,0.34921,0.35371,0.35224,0.34987,0.35288,0.35299,0.35043,0.35337,0.35288,0.34473,0.34660,0.35016,0.34540,0.34024,0.33640,0.33563,0.34115,0.34628,0.35103,0.34832,0.34287,0.34803,0.34269,0.33698,0.34285,0.35831,0.36846,0.35457,0.33395,0.33315,0.33147,0.33359,0.33465,0.33113,0.33352,0.33368,0.33330,0.33568,0.11155,0.00000,0.00000,0.00000,0.00000,0.00000,0.00000,0.00000,0.00000,0.00000,0.00000,0.00000,0.00000,0.00000,0.00000,0.00000,0.00000,0.00000,0.00000,0.00000,0.00000,0.00000,0.00000,0.00000,0.00000,0.00000
0.00000,0.00000,0.00000,0.00000,0.00000,0.00000,0.00000,0.00000,0.00000,0.00000,0.00000,0.00000,0.00000,0.00000,0.00000,0.00000,0.00000,0.00000,0.00000,0.00000,0.00000,0.00000,0.00000,0.00000,0.11031,0.32971,0.33131,0.33164,0.33149,0.33118,0.33098,0.33135,0.33169,0.33189,0.33206,0.33218,0.33257,0.33011,0.33153,0.33213,0.33155,0.34112,0.36711,0.36799,0.35268,0.34954,0.34670,0.35204,0.34941,0.34885,0.35045,0.34846,0.35216,0.35342,0.35260,0.35579,0.35463,0.36106,0.40102,0.44937,0.48240,0.48676,0.48063,0.47613,0.47606,0.47434,0.47365,0.47338,0.47292,0.47248,0.47356,0.47421,0.47385,0.47266,0.47403,0.47345,0.47287,0.47432,0.47381,0.47461,0.47398,0.47354,0.47316,0.47219,0.47146,0.47263,0.47294,0.47372,0.47286,0.47252,0.47179,0.46995,0.47121,0.47177,0.47292,0.47208,0.47354,0.47611,0.48092,0.48798,0.48790,0.46851,0.43055,0.39245,0.36697,0.35672,0.35435,0.35023,0.35138,0.35096,0.34887,0.35231,0.35020,0.34577,0.34994,0.34881,0.34376,0.34814,0.35052,0.34763,0.33979,0.33578,0.33795,0.34358,0.34956,0.34763,0.35025,0.34628,0.34134,0.33718,0.34238,0.34808,0.35515,0.36702,0.34719,0.33322,0.33321,0.33271,0.33118,0.33299,0.33293,0.33224,0.33224,0.33202,0.11117,0.00000,0.00000,0.00000,0.00000,0.00000,0.00000,0.00000,0.00000,0.00000,0.00000,0.00000,0.00000,0.00000,0.00000,0.00000,0.00000,0.00000,0.00000,0.00000,0.00000,0.00000,0.00000,0.00000,0.00000
0.00000,0.00000,0.00000,0.00000,0.00000,0.00000,0.00000,0.00000,0.00000,0.00000,0.00000,0.00000,0.00000,0.00000,0.00000,0.00000,0.00000,0.00000,0.00000,0.00000,0.00000,0.00000,0.00000,0.11025,0.33105,0.33157,0.33082,0.33098,0.33107,0.33226,0.33093,0.33270,0.33157,0.33204,0.33169,0.33211,0.33204,0.33149,0.33091,0.33434,0.34907,0.36936,0.35869,0.34564,0.34642,0.35100,0.35282,0.35113,0.35417,0.34985,0.34970,0.35253,0.35295,0.35288,0.35391,0.37533,0.43179,0.47839,0.48725,0.47948,0.47547,0.47416,0.47467,0.47376,0.47438,0.47376,0.47412,0.47381,0.47370,0.47277,0.47250,0.47354,0.47354,0.47376,0.47359,0.47316,0.47322,0.47265,0.47445,0.47378,0.47471,0.47465,0.47201,0.47115,0.47128,0.47261,0.47254,0.47327,0.47407,0.47374,0.47194,0.47079,0.47204,0.47276,0.47208,0.47348,0.47163,0.47175,0.47252,0.47215,0.47434,0.47697,0.48194,0.48902,0.48373,0.45890,0.41710,0.37814,0.35798,0.35649,0.34974,0.34476,0.34743,0.35269,0.34733,0.34877,0.35260,0.35082,0.34086,0.34294,0.34943,0.34511,0.34021,0.33782,0.33939,0.34686,0.35202,0.35107,0.34609,0.34217,0.34053,0.34597,0.34535,0.33851,0.35882,0.36505,0.34135,0.33169,0.33208,0.33244,0.33268,0.33242,0.33291,0.33275,0.33184,0.11071,0.00000,0.00000,0.00000,0.00000,0.00000,0.00000,0.00000,0.00000,0.00000,0.00000,0.00000,0.00000,0.00000,0.00000,0.00000,0.00000,0.00000,0.00000,0.00000,0.00000,0.00000,0.00000,0.00000
0.00000,0.00000,0.00000,0.00000,0.00000,0.00000,0.00000,0.00000,0.00000,0.00000,0.00000,0.00000,0.00000,0.00000,0.00000,0.00000,0.00000,0.00000,0.00000,0.00000,0.00000,0.00000,0.10989,0.33222,0.33146,0.33042,0.33177,0.33160,0.33166,0.33144,0.33239,0.33111,0.33249,0.33208,0.33047,0.33074,0.33191,0.33384,0.33556,0.35505,0.36245,0.34655,0.35173,0.35258,0.35459,0.35189,0.35441,0.35251,0.35240,0.35233,0.35091,0.35213,0.36048,0.39486,0.45132,0.48714,0.48409,0.47653,0.47452,0.47416,0.47379,0.47458,0.47456,0.47505,0.47489,0.47405,0.47352,0.47400,0.47372,0.47398,0.47336,0.47261,0.47390,0.47217,0.47210,0.47276,0.47149,0.47135,0.47144,0.47359,0.47312,0.47292,0.47310,0.47163,0.47108,0.47090,0.47356,0.47277,0.47429,0.47461,0.47268,0.47226,0.47186,0.47250,0.47334,0.47312,0.47332,0.47372,0.47317,0.47317,0.47363,0.47341,0.47319,0.47425,0.47593,0.48021,0.48852,0.48905,0.46780,0.43054,0.38419,0.35012,0.34176,0.34177,0.35074,0.34915,0.34495,0.34901,0.35304,0.34569,0.34135,0.34413,0.34979,0.34507,0.34011,0.33977,0.34356,0.34660,0.34876,0.34684,0.34491,0.34710,0.34651,0.34172,0.33465,0.34090,0.36392,0.35931,0.33714,0.33330,0.33293,0.33301,0.33160,0.33180,0.33107,0.33260,0.11095,0.00000,0.00000,0.00000,0.00000,0.00000,0.00000,0.00000,0.00000,0.00000,0.00000,0.00000,0.00000,0.00000,0.00000,0.00000,0.00000,0.00000,0.00000,0.00000,0.00000,0.00000,0.00000
0.00000,0.00000,0.00000,0.00000,0.00000,0.00000,0.00000,0.00000,0.00000,0.00000,0.00000,0.00000,0.00000,0.00000,0.00000,0.00000,0.00000,0.00000,0.00000,0.00000,0.00000,0.11045,0.33169,0.32951,0.33200,0.33076,0.33149,0.33151,0.33080,0.33142,0.33271,0.33215,0.32998,0.33167,0.33315,0.33197,0.33242,0.33811,0.35712,0.35477,0.33900,0.34030,0.34440,0.35395,0.35550,0.35262,0.35262,0.35262,0.34925,0.35122,0.36082,0.39758,0.46041,0.48730,0.48100,0.47576,0.47507,0.47445,0.47434,0.47407,0.47525,0.47480,0.47472,0.47421,0.47502,0.47323,0.47416,0.47394,0.47389,0.47401,0.47445,0.47505,0.47697,0.47671,0.47708,0.47686,0.47659,0.47496,0.47923,0.48404,0.48464,0.48470,0.48453,0.48010,0.47799,0.47793,0.47615,0.47582,0.47523,0.47518,0.47398,0.47201,0.47403,0.47288,0.47305,0.47434,0.47358,0.47456,0.47472,0.47445,0.47389,0.47615,0.47432,0.47338,0.47378,0.47461,0.47443,0.47458,0.47853,0.48570,0.48918,0.46882,0.42137,0.36710,0.34440,0.35126,0.35246,0.34865,0.34679,0.35129,0.35463,0.35038,0.33986,0.34411,0.34850,0.34367,0.33878,0.34021,0.34527,0.34732,0.34841,0.34896,0.34934,0.34635,0.34068,0.33379,0.33282,0.34376,0.36533,0.35461,0.33476,0.33113,0.33277,0.33175,0.33280,0.33249,0.33122,0.11060,0.00000,0.00000,0.00000,0.00000,0.00000,0.00000,0.00000,0.00000,0.00000,0.00000,0.00000,0.00000,0.00000,0.00000,0.00000,0.00000,0.00000,0.00000,0.00000,0.00000,0.00000
0.00000,0.00000,0.00000,0.00000,0.00000,0.00000,0.00000,0.00000,0.00000,0.00000,0.00000,0.00000,0.00000,0.00000,0.00000,0.00000,0.00000,0.00000,0.00000,0.00000,0.03682,0.29388,0.33149,0.33180,0.33095,0.33160,0.33073,0.33184,0.33144,0.33173,0.33129,0.33095,0.33395,0.33142,0.33424,0.33521,0.34354,0.35947,0.35232,0.33711,0.34053,0.34830,0.35094,0.35120,0.35311,0.35422,0.35317,0.35364,0.36473,0.40343,0.46140,0.48676,0.48010,0.47487,0.47489,0.47381,0.47545,0.47534,0.47575,0.47460,0.47471,0.47545,0.47560,0.47523,0.47514,0.47389,0.47531,0.47635,0.47779,0.47965,0.47912,0.47890,0.47850,0.47742,0.47436,0.47148,0.47145,0.47177,0.47565,0.47822,0.48481,0.49047,0.49552,0.49520,0.49490,0.49671,0.49782,0.49583,0.49525,0.49135,0.48460,0.48094,0.47691,0.47534,0.47471,0.47323,0.47421,0.47421,0.47401,0.47452,0.47367,0.47389,0.47544,0.47414,0.47483,0.47483,0.47456,0.47405,0.47403,0.47553,0.47463,0.47894,0.48652,0.48993,0.45759,0.39076,0.34868,0.34660,0.35424,0.35087,0.35133,0.35100,0.34874,0.34145,0.33902,0.34480,0.34797,0.34115,0.34185,0.34533,0.34857,0.34897,0.34792,0.34650,0.34183,0.33703,0.33237,0.33315,0.33381,0.34930,0.36452,0.34493,0.33363,0.33337,0.33080,0.33239,0.33098,0.29578,0.03679,0.00000,0.00000,0.00000,0.00000,0.00000,0.00000,0.00000,0.00000,0.00000,0.00000,0.00000,0.00000,0.00000,0.00000,0.00000,0.00000,0.00000,0.00000,0.00000,0.00000
0.00000,0.00000,0.00000,0.00000,0.00000,0.00000,0.00000,0.00000,0.00000,0.00000,0.00000,0.00000,0.00000,0.00000,0.00000,0.00000,0.00000,0.00000,0.00000,0.03646,0.29405,0.33187,0.33098,0.33208,0.33208,0.33140,0.33211,0.33111,0.33147,0.33091,0.33146,0.33262,0.33235,0.33483,0.33831,0.35154,0.36143,0.34739,0.34013,0.34741,0.35096,0.35087,0.34854,0.35001,0.35160,0.35324,0.35978,0.39245,0.45657,0.48712,0.47965,0.47549,0.47454,0.47465,0.47554,0.47553,0.47560,0.47596,0.47576,0.47580,0.47576,0.47653,0.47959,0.48464,0.48809,0.48566,0.47830,0.47733,0.47405,0.47201,0.47142,0.47279,0.47285,0.47458,0.46889,0.45766,0.44236,0.44331,0.44461,0.45163,0.47248,0.48143,0.47970,0.48101,0.48280,0.48564,0.48907,0.49270,0.49487,0.49618,0.49312,0.49554,0.49372,0.49170,0.48872,0.48284,0.47753,0.47401,0.47405,0.47423,0.47483,0.47379,0.47421,0.47354,0.47432,0.47460,0.47489,0.47569,0.47363,0.47416,0.47381,0.47456,0.47412,0.47598,0.48101,0.48924,0.45360,0.38675,0.34438,0.34332,0.34996,0.35213,0.34730,0.35016,0.34622,0.33769,0.34438,0.35027,0.34117,0.34079,0.34775,0.34899,0.34695,0.34598,0.34117,0.33514,0.33375,0.33313,0.33187,0.33189,0.33490,0.35751,0.36133,0.33758,0.33339,0.33193,0.33286,0.33229,0.29447,0.03679,0.00000,0.00000,0.00000,0.00000,0.00000,0.00000,0.00000,0.00000,0.00000,0.00000,0.00000,0.00000,0.00000,0.00000,0.00000,0.00000,0.00000,0.00000,0.00000
0.00000,0.00000,0.00000,0.00000,0.00000,0.00000,0.00000,0.00000,0.00000,0.00000,0.00000,0.00000,0.00000,0.00000,0.00000,0.00000,0.00000,0.00000,0.00000,0.25795,0.33102,0.33136,0.33218,0.33175,0.33202,0.33220,0.33169,0.33140,0.33299,0.33326,0.33182,0.33284,0.33419,0.34312,0.35694,0.36055,0.34323,0.34305,0.34802,0.34967,0.34978,0.35107,0.35038,0.34659,0.35698,0.38164,0.44204,0.48561,0.48269,0.47606,0.47465,0.47498,0.47567,0.47562,0.47556,0.47538,0.47629,0.47551,0.47691,0.48076,0.48794,0.49416,0.49695,0.49629,0.49142,0.47742,0.47246,0.47188,0.47494,0.47914,0.47892,0.45544,0.42047,0.37858,0.35215,0.34207,0.33873,0.33844,0.33672,0.33977,0.35692,0.42809,0.48583,0.48285,0.48039,0.46709,0.45146,0.46419,0.48539,0.48522,0.48271,0.48448,0.48612,0.48878,0.49408,0.49682,0.49645,0.49201,0.48608,0.48136,0.47549,0.47407,0.47288,0.47525,0.47434,0.47438,0.47471,0.47536,0.47465,0.47480,0.47460,0.47580,0.47474,0.47432,0.47460,0.47558,0.48245,0.48807,0.45203,0.37470,0.34276,0.34775,0.35171,0.34518,0.34934,0.35034,0.34075,0.34161,0.34832,0.34671,0.34243,0.34697,0.34892,0.34580,0.34279,0.33765,0.33395,0.33324,0.33270,0.33171,0.33381,0.33155,0.33942,0.36308,0.35370,0.33441,0.33408,0.33162,0.33279,0.25848,0.00000,0.00000,0.00000,0.00000,0.00000,0.00000,0.00000,0.00000,0.00000,0.00000,0.00000,0.00000,0.00000,0.00000,0.00000,0.00000,0.00000,0.00000,0.00000
0.00000,0.00000,0.00000,0.00000,0.00000,0.00000,0.00000,0.00000,0.00000,0.00000,0.00000,0.00000,0.00000,0.00000,0.00000,0.00000,0.00000,0.00000,0.22047,0.33231,0.33136,0.33171,0.33186,0.33237,0.33266,0.33233,0.33291,0.33257,0.33246,0.33348,0.33364,0.33403,0.34928,0.36212,0.35614,0.34329,0.34710,0.35134,0.34876,0.35178,0.35129,0.35116,0.35656,0.37515,0.42753,0.48120,0.48584,0.47757,0.47591,0.47545,0.47533,0.47525,0.47476,0.47514,0.47400,0.47573,0.47658,0.48087,0.49057,0.49813,0.49574,0.49569,0.49066,0.48196,0.47474,0.47542,0.47567,0.46590,0.43763,0.42395,0.37010,0.34117,0.33960,0.33851,0.33705,0.33683,0.33690,0.33705,0.33745,0.33733,0.34130,0.35887,0.44596,0.50304,0.47352,0.38742,0.34753,0.34781,0.38808,0.47522,0.47496,0.47235,0.46860,0.47214,0.48375,0.49077,0.49323,0.49295,0.49405,0.49283,0.49339,0.49011,0.48147,0.47644,0.47451,0.47485,0.47454,0.47485,0.47489,0.47494,0.47460,0.47784,0.47545,0.47558,0.47564,0.47595,0.48154,0.47777,0.48081,0.48464,0.43185,0.35898,0.34894,0.35215,0.35047,0.34923,0.35216,0.34819,0.34531,0.34496,0.35000,0.34693,0.34281,0.34907,0.34660,0.33767,0.33419,0.33454,0.33270,0.33295,0.33233,0.33169,0.33220,0.33368,0.34783,0.36432,0.34378,0.33297,0.33317,0.33208,0.22025,0.00000,0.00000,0.00000,0.00000,0.00000,0.00000,0.00000,0.00000,0.00000,0.00000,0.00000,0.00000,0.00000,0.00000,0.00000,0.00000,0.00000,0.00000
0.00000,0.00000,0.00000,0.00000,0.00000,0.00000,0.00000,0.00000,0.00000,0.00000,0.00000,0.00000,0.00000,0.00000,0.00000,0.00000,0.00000,0.11128,0.33193,0.33162,0.33213,0.33149,0.33209,0.33288,0.33311,0.33304,0.33446,0.33302,0.33228,0.33344,0.33561,0.35435,0.36624,0.35433,0.34653,0.34790,0.34825,0.34772,0.35226,0.34856,0.34987,0.36793,0.40399,0.46661,0.48612,0.47846,0.47554,0.47489,0.47602,0.47638,0.47492,0.47595,0.47480,0.47542,0.47739,0.48280,0.48838,0.49470,0.49192,0.49500,0.48891,0.48028,0.47307,0.47310,0.47029,0.43476,0.38337,0.34529,0.33851,0.33747,0.33589,0.33570,0.33609,0.33616,0.33565,0.33441,0.33403,0.33539,0.33494,0.33649,0.33913,0.34272,0.39717,0.48335,0.43868,0.35525,0.34137,0.34039,0.34166,0.42013,0.47777,0.47327,0.44291,0.42603,0.42862,0.45205,0.47392,0.47866,0.48395,0.49078,0.49150,0.49352,0.49562,0.49458,0.48703,0.48076,0.47580,0.47531,0.47434,0.47498,0.47558,0.47494,0.47644,0.47729,0.47666,0.47711,0.47626,0.47573,0.47379,0.47565,0.48373,0.47441,0.39439,0.34949,0.35257,0.35607,0.35067,0.34794,0.35231,0.35182,0.34504,0.34959,0.34863,0.34108,0.34651,0.34748,0.33751,0.33415,0.33328,0.33193,0.33226,0.33299,0.33302,0.33270,0.33224,0.33753,0.36128,0.35791,0.33698,0.33173,0.33266,0.11045,0.00000,0.00000,0.00000,0.00000,0.00000,0.00000,0.00000,0.00000,0.00000,0.00000,0.00000,0.00000,0.00000,0.00000,0.00000,0.00000,0.00000
0.00000,0.00000,0.00000,0.00000,0.00000,0.00000,0.00000,0.00000,0.00000,0.00000,0.00000,0.00000,0.00000,0.00000,0.00000,0.00000,0.03710,0.33222,0.33251,0.33213,0.33246,0.33208,0.33228,0.33273,0.33284,0.33253,0.33319,0.33271,0.33326,0.33738,0.35829,0.37016,0.35521,0.34637,0.34642,0.34547,0.34928,0.34976,0.35088,0.36097,0.38611,0.44328,0.48541,0.48171,0.47585,0.47341,0.47575,0.47584,0.47533,0.47627,0.47438,0.47527,0.47731,0.48322,0.49374,0.49797,0.49250,0.48708,0.48092,0.47669,0.47363,0.47483,0.47698,0.42098,0.35867,0.33682,0.33574,0.33565,0.33528,0.33492,0.33501,0.33384,0.33415,0.33463,0.33434,0.33574,0.33425,0.33426,0.33384,0.33510,0.33457,0.33260,0.37045,0.45746,0.43196,0.34967,0.34134,0.34026,0.34303,0.42326,0.47544,0.46229,0.38793,0.34639,0.33908,0.34203,0.36245,0.40997,0.45445,0.47607,0.48019,0.48989,0.49357,0.49565,0.49649,0.49490,0.49199,0.48439,0.47755,0.47562,0.47387,0.47633,0.47651,0.47651,0.47904,0.47643,0.47518,0.47341,0.47518,0.47505,0.47534,0.47957,0.48408,0.42372,0.35173,0.35069,0.35707,0.36197,0.35809,0.35036,0.35014,0.34524,0.34347,0.34863,0.34126,0.34343,0.34602,0.33656,0.33290,0.33198,0.33386,0.33262,0.33166,0.33275,0.33335,0.33142,0.33158,0.34792,0.36381,0.34662,0.33157,0.33213,0.03664,0.00000,0.00000,0.00000,0.00000,0.00000,0.00000,0.00000,0.00000,0.00000,0.00000,0.00000,0.00000,0.00000,0.00000,0.00000,0.00000
0.00000,0.00000,0.00000,0.00000,0.00000,0.00000,0.00000,0.00000,0.00000,0.00000,0.00000,0.00000,0.00000,0.00000,0.00000,0.00000,0.29474,0.33153,0.33187,0.33311,0.33333,0.33419,0.33341,0.33151,0.33187,0.33191,0.33189,0.33211,0.34086,0.35833,0.37154,0.35268,0.34803,0.34691,0.34671,0.34743,0.34611,0.34854,0.36980,0.41852,0.47711,0.48712,0.47870,0.47578,0.47492,0.47505,0.47363,0.47469,0.47496,0.47611,0.47801,0.48672,0.49184,0.49629,0.49707,0.49284,0.48349,0.47474,0.46771,0.45582,0.45947,0.48054,0.43682,0.34480,0.33720,0.33687,0.33507,0.33476,0.33497,0.33448,0.33421,0.33501,0.33450,0.33324,0.33370,0.33443,0.33426,0.33373,0.33333,0.33333,0.33359,0.33333,0.36504,0.43630,0.42581,0.34575,0.33984,0.34092,0.35842,0.44685,0.47547,0.45877,0.37641,0.34041,0.33709,0.33691,0.33928,0.33820,0.34241,0.36894,0.40675,0.44412,0.48203,0.49201,0.49560,0.49489,0.49651,0.49536,0.49627,0.48841,0.48110,0.47527,0.47678,0.47797,0.47826,0.47681,0.47719,0.47452,0.47562,0.47567,0.47573,0.47390,0.47553,0.48384,0.45221,0.35525,0.36066,0.40224,0.37738,0.34717,0.34431,0.34679,0.34531,0.34301,0.34626,0.34467,0.34310,0.34726,0.34254,0.33441,0.33257,0.33246,0.33226,0.33224,0.33228,0.33306,0.33428,0.33680,0.33822,0.35776,0.35860,0.33393,0.29363,0.00000,0.00000,0.00000,0.00000,0.00000,0.00000,0.00000,0.00000,0.00000,0.00000,0.00000,0.00000,0.00000,0.00000,0.00000,0.00000
0.00000,0.00000,0.00000,0.00000,0.00000,0.00000,0.00000,0.00000,0.00000,0.00000,0.00000,0.00000,0.00000,0.00000,0.00000,0.22115,0.33268,0.33253,0.33195,0.33198,0.33279,0.33246,0.33359,0.33344,0.33209,0.33198,0.33217,0.34143,0.35886,0.37151,0.35262,0.34870,0.34801,0.34799,0.35043,0.34932,0.35129,0.37761,0.43873,0.48796,0.47987,0.47549,0.47531,0.47576,0.47489,0.47491,0.47618,0.47549,0.47722,0.48395,0.49093,0.49613,0.49531,0.49414,0.48754,0.47348,0.46306,0.43764,0.38728,0.35785,0.36950,0.40877,0.44186,0.35381,0.33552,0.33625,0.33534,0.33428,0.33479,0.33384,0.33392,0.33302,0.33346,0.33397,0.33463,0.33410,0.33378,0.33501,0.33339,0.33395,0.33379,0.33583,0.36748,0.42955,0.42665,0.34987,0.33984,0.34046,0.38323,0.46083,0.46922,0.43012,0.36420,0.34059,0.33744,0.33758,0.33630,0.33632,0.33660,0.33632,0.33891,0.34471,0.38150,0.46050,0.48245,0.48650,0.49295,0.49399,0.49441,0.49726,0.49822,0.49175,0.48101,0.47828,0.47784,0.47879,0.47567,0.47708,0.47502,0.47571,0.47534,0.47396,0.47312,0.47482,0.48061,0.46871,0.41212,0.45750,0.44003,0.43527,0.34757,0.34797,0.34812,0.34969,0.34283,0.34702,0.34876,0.34456,0.34949,0.34586,0.33610,0.33166,0.33213,0.33275,0.33138,0.33319,0.33607,0.33696,0.33988,0.34052,0.35113,0.36513,0.34270,0.16493,0.00000,0.00000,0.00000,0.00000,0.00000,0.00000,0.00000,0.00000,0.00000,0.00000,0.00000,0.00000,0.00000,0.00000,0.00000
0.00000,0.00000,0.00000,0.00000,0.00000,0.00000,0.00000,0.00000,0.00000,0.00000,0.00000,0.00000,0.00000,0.00000,0.11098,0.33202,0.33113,0.33270,0.33226,0.33266,0.33264,0.33332,0.33182,0.33268,0.33333,0.33217,0.34606,0.35949,0.36901,0.34912,0.34768,0.35071,0.34748,0.35016,0.35125,0.36239,0.39413,0.45095,0.48462,0.47631,0.47536,0.47421,0.47558,0.47556,0.47523,0.47553,0.47808,0.48107,0.48962,0.49529,0.49494,0.49562,0.49015,0.47753,0.44784,0.40582,0.36711,0.34208,0.33920,0.34057,0.35211,0.38221,0.42722,0.36575,0.33877,0.33702,0.33510,0.33483,0.33404,0.33417,0.33450,0.33459,0.33348,0.33319,0.33346,0.33366,0.33369,0.33414,0.33379,0.33472,0.33496,0.33669,0.37050,0.43163,0.42472,0.35204,0.33955,0.34285,0.40933,0.46825,0.45314,0.39012,0.34176,0.33800,0.33576,0.33667,0.33543,0.33452,0.33636,0.33640,0.33736,0.33889,0.34090,0.34513,0.40452,0.46253,0.47728,0.48213,0.48692,0.49064,0.50030,0.50170,0.50014,0.49419,0.48249,0.47920,0.47755,0.47609,0.47613,0.47636,0.47602,0.47751,0.47507,0.47463,0.47440,0.47786,0.50014,0.48619,0.42984,0.43046,0.37685,0.35360,0.35876,0.35184,0.35253,0.34600,0.34639,0.35209,0.34558,0.34507,0.34835,0.33917,0.33277,0.33253,0.33233,0.33308,0.33291,0.33698,0.34115,0.34449,0.34352,0.34775,0.36378,0.32063,0.03695,0.00000,0.00000,0.00000,0.00000,0.00000,0.00000,0.00000,0.00000,0.00000,0.00000,0.00000,0.00000,0.00000,0.00000
0.00000,0.00000,0.00000,0.00000,0.00000,0.00000,0.00000,0.00000,0.00000,0.00000,0.00000,0.00000,0.00000,0.03695,0.29418,0.33208,0.33213,0.33158,0.33237,0.33293,0.33293,0.33231,0.33315,0.33229,0.33337,0.34914,0.36026,0.36728,0.34865,0.34821,0.34792,0.34598,0.34857,0.34830,0.37138,0.41072,0.47026,0.48450,0.47491,0.47381,0.47576,0.47520,0.47449,0.47680,0.47757,0.48118,0.48840,0.49565,0.49740,0.49554,0.49120,0.48455,0.47454,0.40164,0.35010,0.33970,0.33714,0.33601,0.33802,0.33778,0.34890,0.36011,0.35650,0.35284,0.34157,0.33672,0.33568,0.33428,0.33408,0.33373,0.33419,0.33364,0.33308,0.33419,0.33465,0.33319,0.33389,0.33393,0.33419,0.33563,0.33629,0.33804,0.37369,0.42620,0.42483,0.35306,0.34006,0.35220,0.43054,0.46632,0.41996,0.35067,0.33826,0.33621,0.33554,0.33470,0.33386,0.33559,0.33499,0.33421,0.33550,0.33587,0.33652,0.33691,0.33629,0.34907,0.39931,0.45011,0.47219,0.47781,0.48765,0.49815,0.49926,0.50152,0.49964,0.49054,0.48014,0.47901,0.47553,0.47762,0.47759,0.47821,0.47562,0.47624,0.47553,0.47556,0.48522,0.50006,0.49155,0.43114,0.37745,0.36542,0.35623,0.35466,0.34637,0.35353,0.34763,0.34509,0.34890,0.34398,0.34099,0.34773,0.34524,0.33636,0.33197,0.33054,0.33231,0.33452,0.34166,0.34511,0.34389,0.34431,0.34664,0.36240,0.24020,0.00000,0.00000,0.00000,0.00000,0.00000,0.00000,0.00000,0.00000,0.00000,0.00000,0.00000,0.00000,0.00000,0.00000
0.00000,0.00000,0.00000,0.00000,0.00000,0.00000,0.00000,0.00000,0.00000,0.00000,0.00000,0.00000,0.00000,0.24891,0.33294,0.33317,0.33272,0.33186,0.33264,0.33225,0.33180,0.33234,0.33254,0.33828,0.35309,0.36419,0.36185,0.34855,0.34952,0.34739,0.34758,0.34962,0.35688,0.38790,0.43817,0.48033,0.47985,0.47654,0.47592,0.47590,0.47453,0.47516,0.47733,0.48160,0.48748,0.49643,0.49880,0.49569,0.48854,0.48277,0.47878,0.46995,0.38899,0.34662,0.34031,0.33718,0.33692,0.33615,0.33592,0.33674,0.34154,0.33811,0.32814,0.33008,0.33437,0.33522,0.33414,0.33417,0.33372,0.33373,0.33296,0.33406,0.33326,0.33250,0.33331,0.33306,0.33338,0.33395,0.33473,0.33559,0.33646,0.33961,0.38180,0.42482,0.42286,0.35401,0.34259,0.37948,0.45198,0.44732,0.36864,0.33763,0.33478,0.33435,0.33436,0.33385,0.33402,0.33443,0.33343,0.33332,0.33409,0.33365,0.33396,0.33496,0.33387,0.33411,0.33456,0.33757,0.36425,0.42138,0.47748,0.48492,0.49113,0.49748,0.50012,0.49961,0.49686,0.48823,0.48019,0.47899,0.47667,0.47681,0.47745,0.47648,0.47557,0.47491,0.47734,0.48039,0.48131,0.45954,0.38984,0.34572,0.34869,0.35014,0.35293,0.34746,0.34867,0.35000,0.34699,0.34655,0.34960,0.34426,0.34389,0.34680,0.34083,0.33395,0.33325,0.33450,0.33860,0.34561,0.33910,0.33610,0.34230,0.34749,0.35548,0.15350,0.00000,0.00000,0.00000,0.00000,0.00000,0.00000,0.00000,0.00000,0.00000,0.00000,0.00000,0.00000,0.00000
0.00000,0.00000,0.00000,0.00000,0.00000,0.00000,0.00000,0.00000,0.00000,0.00000,0.00000,0.00000,0.18419,0.33093,0.33173,0.33085,0.33324,0.33217,0.33264,0.33286,0.33248,0.33204,0.34179,0.35599,0.36974,0.35798,0.34857,0.35109,0.34757,0.34903,0.34990,0.36868,0.40653,0.46185,0.48475,0.47589,0.47578,0.47503,0.47553,0.47633,0.47591,0.47954,0.48889,0.49501,0.49868,0.49702,0.49159,0.48293,0.47781,0.47729,0.48090,0.40675,0.34223,0.33933,0.33849,0.33744,0.33649,0.33517,0.33550,0.33536,0.33532,0.33233,0.32914,0.32981,0.33233,0.33299,0.33373,0.33348,0.33352,0.33392,0.33330,0.33324,0.33290,0.33295,0.33342,0.33368,0.33372,0.33395,0.33581,0.33541,0.33815,0.34258,0.37818,0.42616,0.42277,0.35364,0.35371,0.41849,0.46752,0.42525,0.35238,0.33663,0.33317,0.33406,0.33404,0.33363,0.33311,0.33401,0.33286,0.33357,0.33348,0.33275,0.33326,0.33229,0.33344,0.33381,0.33257,0.33435,0.33705,0.34704,0.40341,0.47872,0.48043,0.48648,0.49181,0.49675,0.49926,0.49933,0.49687,0.48862,0.47660,0.47567,0.47790,0.47542,0.47666,0.47542,0.47618,0.47877,0.47172,0.46900,0.47642,0.43870,0.35021,0.34278,0.34850,0.35180,0.35526,0.35098,0.34896,0.35014,0.34436,0.34768,0.34823,0.34033,0.34256,0.34803,0.34194,0.34225,0.34225,0.34323,0.33774,0.33218,0.33610,0.34115,0.34908,0.34389,0.07700,0.00000,0.00000,0.00000,0.00000,0.00000,0.00000,0.00000,0.00000,0.00000,0.00000,0.00000,0.00000
0.00000,0.00000,0.00000,0.00000,0.00000,0.00000,0.00000,0.00000,0.00000,0.00000,0.00000,0.03679,0.33386,0.33310,0.33213,0.33206,0.33078,0.33175,0.33135,0.33226,0.33286,0.34732,0.36024,0.37114,0.35348,0.34896,0.35089,0.34693,0.34978,0.34706,0.37765,0.41513,0.47317,0.48298,0.47578,0.47591,0.47554,0.47647,0.47599,0.47766,0.48450,0.49111,0.50008,0.50030,0.49538,0.48601,0.48005,0.47729,0.48010,0.47881,0.46851,0.35849,0.33541,0.33649,0.33652,0.33563,0.33476,0.33463,0.33419,0.33521,0.33424,0.33262,0.33231,0.33153,0.33151,0.33275,0.33346,0.33379,0.33337,0.33428,0.33346,0.33297,0.33290,0.33353,0.33317,0.33308,0.33369,0.33434,0.33548,0.33561,0.33760,0.34296,0.37597,0.42590,0.42394,0.35873,0.37410,0.44461,0.47201,0.40055,0.33818,0.33395,0.33328,0.33333,0.33386,0.33290,0.33417,0.33255,0.33158,0.33392,0.33319,0.33346,0.33253,0.33187,0.33319,0.33397,0.33381,0.33332,0.33454,0.34392,0.35988,0.43540,0.48231,0.47773,0.48016,0.48321,0.49281,0.49791,0.49509,0.49731,0.49228,0.47731,0.47514,0.47664,0.47770,0.47817,0.47700,0.47638,0.47316,0.46931,0.46822,0.47516,0.45928,0.36117,0.33882,0.34972,0.35585,0.35038,0.35505,0.34624,0.34786,0.34695,0.34270,0.34717,0.34272,0.33997,0.34624,0.34938,0.34484,0.34314,0.33906,0.33463,0.33341,0.33426,0.34358,0.34577,0.26375,0.00000,0.00000,0.00000,0.00000,0.00000,0.00000,0.00000,0.00000,0.00000,0.00000,0.00000,0.00000
0.00000,0.00000,0.00000,0.00000,0.00000,0.00000,0.00000,0.00000,0.00000,0.00000,0.00000,0.25941,0.33237,0.33249,0.33368,0.33315,0.33284,0.33333,0.33310,0.33335,0.34763,0.35946,0.36821,0.34985,0.34803,0.35054,0.34835,0.35054,0.35054,0.38704,0.42352,0.47830,0.48156,0.47688,0.47706,0.47651,0.47658,0.47624,0.47916,0.48656,0.49746,0.49800,0.49474,0.49044,0.48384,0.47584,0.47540,0.47822,0.48333,0.47660,0.45051,0.35368,0.33698,0.33521,0.33541,0.33364,0.33434,0.33516,0.33363,0.33457,0.33366,0.33284,0.33288,0.33268,0.33208,0.33397,0.33308,0.33246,0.33284,0.33330,0.33332,0.33368,0.33373,0.33315,0.33311,0.33463,0.33369,0.33381,0.33497,0.33667,0.33749,0.34261,0.37665,0.43183,0.42709,0.37123,0.39911,0.45772,0.47124,0.37311,0.33414,0.33297,0.33266,0.33282,0.33291,0.33370,0.33291,0.33290,0.33279,0.33244,0.33302,0.33231,0.33268,0.33350,0.33157,0.33253,0.33361,0.33441,0.33479,0.33731,0.36066,0.37980,0.47731,0.47768,0.47744,0.47740,0.48025,0.48836,0.49481,0.49593,0.49439,0.49305,0.47837,0.47582,0.47757,0.47653,0.47646,0.47633,0.47509,0.47079,0.47144,0.46851,0.47110,0.47095,0.37362,0.34207,0.34531,0.35331,0.34544,0.35091,0.35023,0.34783,0.34637,0.34094,0.34454,0.34883,0.34682,0.34899,0.34846,0.34391,0.33847,0.33235,0.33180,0.33153,0.33556,0.34542,0.34693,0.15076,0.00000,0.00000,0.00000,0.00000,0.00000,0.00000,0.00000,0.00000,0.00000,0.00000,0.00000
0.00000,0.00000,0.00000,0.00000,0.00000,0.00000,0.00000,0.00000,0.00000,0.00000,0.07370,0.33321,0.33333,0.33332,0.33404,0.33510,0.33373,0.33171,0.33392,0.34998,0.36073,0.36786,0.34659,0.34341,0.35116,0.34872,0.35072,0.34961,0.39256,0.43112,0.48213,0.47939,0.47496,0.47584,0.47595,0.47711,0.47791,0.48069,0.48939,0.49735,0.49842,0.49350,0.48685,0.47901,0.47489,0.47708,0.47511,0.47812,0.48145,0.46738,0.43794,0.39047,0.34123,0.33271,0.33136,0.33344,0.33353,0.33443,0.33445,0.33450,0.33357,0.33286,0.33310,0.33229,0.33260,0.33326,0.33414,0.33328,0.33350,0.33277,0.33352,0.33341,0.33322,0.33459,0.33372,0.33337,0.33406,0.33332,0.33470,0.33583,0.33740,0.34529,0.38828,0.43899,0.43095,0.39068,0.41531,0.46696,0.45629,0.34077,0.33311,0.33333,0.33239,0.33301,0.33313,0.33215,0.33322,0.33328,0.33377,0.33235,0.33266,0.33169,0.33332,0.33270,0.33299,0.33332,0.33217,0.33439,0.33457,0.33663,0.35851,0.37245,0.44490,0.47604,0.47338,0.47654,0.47702,0.47799,0.48366,0.49275,0.49647,0.49594,0.49201,0.48010,0.47553,0.47684,0.47770,0.47647,0.47507,0.47370,0.47188,0.47235,0.46858,0.47308,0.47381,0.37710,0.34737,0.34732,0.35390,0.34989,0.34930,0.34684,0.34241,0.34918,0.34323,0.33937,0.34192,0.34892,0.35103,0.34092,0.33251,0.33217,0.33169,0.33316,0.33308,0.33836,0.34547,0.30635,0.00000,0.00000,0.00000,0.00000,0.00000,0.00000,0.00000,0.00000,0.00000,0.00000,0.00000
0.00000,0.00000,0.00000,0.00000,0.00000,0.00000,0.00000,0.00000,0.00000,0.00000,0.29671,0.33228,0.33215,0.33282,0.33361,0.33383,0.33499,0.33457,0.35054,0.36050,0.36755,0.34841,0.34433,0.34487,0.34449,0.35291,0.35029,0.39158,0.42937,0.48203,0.47956,0.47655,0.47673,0.47556,0.47675,0.47735,0.48337,0.49018,0.49703,0.49525,0.49202,0.48244,0.47598,0.47666,0.47596,0.47582,0.47839,0.47799,0.47549,0.46262,0.42716,0.43139,0.37840,0.32874,0.32901,0.33206,0.33322,0.33414,0.33523,0.33410,0.33375,0.33397,0.33415,0.33381,0.33306,0.33313,0.33333,0.33388,0.33342,0.33311,0.33424,0.33324,0.33393,0.33326,0.33341,0.33461,0.33316,0.33459,0.33426,0.33507,0.33568,0.35020,0.39508,0.43918,0.43101,0.41014,0.43726,0.47359,0.40283,0.33490,0.33488,0.33229,0.33180,0.33224,0.33317,0.33218,0.33346,0.33260,0.33253,0.33342,0.33295,0.33388,0.33239,0.33177,0.33341,0.33304,0.33308,0.33393,0.33353,0.33669,0.35658,0.37628,0.42496,0.47440,0.47766,0.47606,0.47533,0.47635,0.47602,0.48216,0.49523,0.49529,0.49489,0.49153,0.47992,0.47540,0.47584,0.47582,0.47698,0.47575,0.47352,0.47328,0.47177,0.46796,0.47263,0.46993,0.38166,0.35931,0.34950,0.35012,0.35348,0.35167,0.35114,0.34247,0.34624,0.34814,0.34427,0.34506,0.34826,0.33904,0.33423,0.33290,0.33357,0.33294,0.33277,0.33328,0.34061,0.34784,0.19056,0.00000,0.00000,0.00000,0.00000,0.00000,0.00000,0.00000,0.00000,0.00000,0.00000
0.00000,0.00000,0.00000,0.00000,0.00000,0.00000,0.00000,0.00000,0.00000,0.14719,0.33268,0.33277,0.33322,0.33348,0.33421,0.33383,0.33424,0.35020,0.36226,0.36844,0.34810,0.34761,0.34644,0.33727,0.33933,0.34956,0.39274,0.42846,0.47790,0.47976,0.47735,0.47719,0.47677,0.47828,0.47996,0.48561,0.49388,0.49813,0.49428,0.48708,0.47963,0.47735,0.47722,0.47606,0.47551,0.47589,0.47593,0.47573,0.47443,0.46605,0.43821,0.42328,0.44091,0.34125,0.32896,0.33260,0.33463,0.33576,0.33512,0.33521,0.33547,0.33373,0.33430,0.33476,0.33490,0.33392,0.33379,0.33388,0.33357,0.33430,0.33337,0.33353,0.33406,0.33348,0.33395,0.33392,0.33395,0.33492,0.33388,0.33494,0.33698,0.35873,0.39956,0.42755,0.42164,0.41309,0.45292,0.47199,0.36146,0.33399,0.33393,0.33311,0.33330,0.33239,0.33266,0.33290,0.33361,0.33311,0.33246,0.33279,0.33350,0.33173,0.33352,0.33211,0.33395,0.33226,0.33291,0.33565,0.33454,0.33538,0.35443,0.37834,0.42042,0.47396,0.47522,0.47864,0.47633,0.47350,0.47607,0.47917,0.48081,0.49124,0.49607,0.49255,0.48728,0.47808,0.47576,0.47646,0.47540,0.47728,0.47622,0.47283,0.47492,0.47334,0.46668,0.47511,0.47795,0.43307,0.34954,0.36451,0.35215,0.35406,0.35302,0.35506,0.34866,0.34166,0.34431,0.34794,0.34651,0.33835,0.33432,0.33361,0.33393,0.33236,0.33330,0.33291,0.33459,0.34272,0.34854,0.03825,0.00000,0.00000,0.00000,0.00000,0.00000,0.00000,0.00000,0.00000,0.00000
0.00000,0.00000,0.00000,0.00000,0.00000,0.00000,0.00000,0.00000,0.00000,0.29571,0.33129,0.33204,0.33177,0.33104,0.33169,0.33412,0.35083,0.36102,0.36633,0.34927,0.35189,0.35083,0.35093,0.34577,0.34247,0.38669,0.42271,0.48061,0.48118,0.47421,0.47542,0.47691,0.47894,0.48225,0.48967,0.49498,0.49948,0.49492,0.48529,0.47556,0.47773,0.47432,0.47336,0.47243,0.47494,0.47680,0.47735,0.47323,0.46838,0.46842,0.45746,0.42036,0.44700,0.39234,0.33507,0.33627,0.33791,0.33769,0.33674,0.33640,0.33556,0.33640,0.33576,0.33534,0.33445,0.33490,0.33455,0.33375,0.33455,0.33455,0.33415,0.33393,0.33364,0.33381,0.33434,0.33501,0.33403,0.33424,0.33417,0.33459,0.33669,0.37823,0.41446,0.42873,0.42206,0.42339,0.47155,0.45185,0.34416,0.33567,0.33379,0.33352,0.33341,0.33324,0.33357,0.33317,0.33213,0.33288,0.33379,0.33295,0.33191,0.33350,0.33255,0.33291,0.33419,0.33228,0.33424,0.33527,0.33517,0.33590,0.35597,0.39158,0.42793,0.47332,0.47389,0.47409,0.47516,0.47425,0.47534,0.47485,0.47766,0.48098,0.49031,0.49532,0.48955,0.48349,0.47857,0.47498,0.47629,0.47677,0.47757,0.47606,0.47616,0.47620,0.47186,0.47713,0.48872,0.49762,0.45772,0.36627,0.35032,0.34604,0.35176,0.34806,0.35049,0.34812,0.34440,0.34186,0.33765,0.33350,0.33284,0.33277,0.33321,0.33213,0.33301,0.33167,0.33355,0.33534,0.34608,0.19490,0.00000,0.00000,0.00000,0.00000,0.00000,0.00000,0.00000,0.00000,0.00000
0.00000,0.00000,0.00000,0.00000,0.00000,0.00000,0.00000,0.00000,0.14733,0.33209,0.33264,0.33352,0.33259,0.33257,0.33142,0.35018,0.35918,0.36343,0.34655,0.34746,0.35264,0.34691,0.35111,0.35124,0.38780,0.42590,0.48063,0.48016,0.47580,0.47576,0.47624,0.47673,0.48154,0.48834,0.49718,0.50001,0.49394,0.48566,0.47822,0.47706,0.47751,0.47460,0.47460,0.47338,0.47102,0.47166,0.47006,0.47307,0.46847,0.46667,0.46749,0.44618,0.40485,0.42667,0.35113,0.34174,0.34050,0.33939,0.33915,0.33751,0.33776,0.33736,0.33632,0.33680,0.33547,0.33530,0.33572,0.33454,0.33486,0.33550,0.33452,0.33463,0.33445,0.33403,0.33364,0.33448,0.33443,0.33445,0.33583,0.33641,0.34077,0.40250,0.42525,0.43351,0.42403,0.44842,0.47833,0.42804,0.33875,0.33669,0.33463,0.33450,0.33375,0.33306,0.33488,0.33399,0.33342,0.33344,0.33355,0.33244,0.33322,0.33246,0.33359,0.33311,0.33242,0.33521,0.33552,0.33435,0.33528,0.33815,0.37497,0.40304,0.45618,0.49099,0.49104,0.48496,0.47296,0.47303,0.47514,0.47292,0.47460,0.47773,0.47894,0.49013,0.49496,0.49193,0.48360,0.47688,0.47498,0.47498,0.47607,0.47717,0.47540,0.47598,0.47857,0.47934,0.47886,0.49139,0.50931,0.48202,0.34640,0.34385,0.34485,0.34788,0.34053,0.34041,0.34269,0.34099,0.34172,0.34245,0.33295,0.33384,0.33187,0.33294,0.33240,0.33293,0.33237,0.33337,0.34030,0.35038,0.03883,0.00000,0.00000,0.00000,0.00000,0.00000,0.00000,0.00000,0.00000
0.00000,0.00000,0.00000,0.00000,0.00000,0.00000,0.00000,0.00000,0.29496,0.33233,0.33171,0.33151,0.33233,0.33209,0.34907,0.36215,0.36168,0.34697,0.34600,0.34699,0.34571,0.34367,0.34374,0.39028,0.42142,0.47523,0.47567,0.47248,0.47564,0.47640,0.47753,0.48340,0.48741,0.49691,0.49786,0.49248,0.48705,0.48016,0.47942,0.47793,0.47544,0.47215,0.47263,0.47101,0.47155,0.47068,0.46895,0.46723,0.46891,0.46772,0.46807,0.47338,0.42499,0.40013,0.37552,0.34471,0.34382,0.34212,0.33980,0.34048,0.33937,0.33754,0.33767,0.33612,0.33610,0.33548,0.33468,0.33505,0.33523,0.33435,0.33439,0.33485,0.33516,0.33455,0.33410,0.33434,0.33540,0.33499,0.33638,0.33734,0.36126,0.40715,0.44036,0.43531,0.44361,0.47518,0.47660,0.41482,0.33995,0.33891,0.33773,0.33517,0.33437,0.33406,0.33448,0.33424,0.33414,0.33488,0.33439,0.33341,0.33301,0.33240,0.33392,0.33370,0.33432,0.33532,0.33517,0.33616,0.33592,0.34294,0.40618,0.42643,0.48903,0.50156,0.50187,0.49930,0.48451,0.47328,0.47348,0.47487,0.47485,0.47509,0.47813,0.48025,0.49033,0.49542,0.49188,0.48244,0.47483,0.47410,0.47436,0.47513,0.47689,0.47728,0.47777,0.48056,0.47693,0.47937,0.48530,0.48902,0.40868,0.35311,0.33672,0.34491,0.34491,0.33547,0.33415,0.33771,0.34079,0.34052,0.34285,0.33266,0.33277,0.33218,0.33235,0.33193,0.33363,0.33311,0.33401,0.34152,0.19484,0.00000,0.00000,0.00000,0.00000,0.00000,0.00000,0.00000,0.00000
0.00000,0.00000,0.00000,0.00000,0.00000,0.00000,0.00000,0.14795,0.33167,0.33060,0.33043,0.33071,0.33105,0.34631,0.36086,0.35692,0.34491,0.34473,0.34369,0.34469,0.34713,0.34354,0.38498,0.41967,0.47217,0.47848,0.47268,0.47307,0.47383,0.47509,0.47983,0.48548,0.49598,0.49500,0.48993,0.48368,0.48039,0.48162,0.48284,0.47753,0.47274,0.47049,0.47106,0.46920,0.46794,0.46845,0.46725,0.46867,0.46867,0.46789,0.46495,0.46616,0.47086,0.42075,0.40890,0.35076,0.34447,0.34383,0.34595,0.34577,0.34030,0.33857,0.33720,0.33603,0.33627,0.33627,0.33550,0.33428,0.33528,0.33599,0.33428,0.33470,0.33457,0.33414,0.33570,0.33572,0.33590,0.33656,0.33753,0.33725,0.37712,0.42067,0.44187,0.44789,0.47514,0.49097,0.47059,0.42439,0.34737,0.34081,0.33886,0.33694,0.33745,0.33596,0.33490,0.33667,0.33589,0.33589,0.33618,0.33671,0.33466,0.33399,0.33417,0.33576,0.33517,0.33705,0.33867,0.33827,0.34786,0.39101,0.42840,0.46072,0.49580,0.50172,0.50170,0.49802,0.49430,0.47766,0.47575,0.47523,0.47338,0.47684,0.47671,0.47593,0.47934,0.49022,0.49427,0.48986,0.48408,0.47529,0.47434,0.47489,0.47662,0.47653,0.47591,0.47835,0.48193,0.48054,0.46654,0.48039,0.46957,0.35716,0.33908,0.33778,0.34318,0.34207,0.33454,0.33233,0.33621,0.34338,0.34247,0.33441,0.33164,0.33280,0.33182,0.33321,0.33280,0.33301,0.33233,0.33441,0.34759,0.03865,0.00000,0.00000,0.00000,0.00000,0.00000,0.00000,0.00000
0.00000,0.00000,0.00000,0.00000,0.00000,0.00000,0.00000,0.25697,0.33136,0.33180,0.33198,0.33379,0.34281,0.35856,0.35690,0.33826,0.34489,0.34456,0.33935,0.34487,0.34440,0.37776,0.42124,0.46807,0.48109,0.47361,0.47223,0.47173,0.47436,0.47932,0.48519,0.49649,0.49376,0.48605,0.47737,0.46699,0.45124,0.45465,0.47703,0.47651,0.46570,0.46515,0.46572,0.46729,0.46605,0.46614,0.46796,0.47080,0.46822,0.46884,0.46495,0.46322,0.46273,0.46344,0.44570,0.42370,0.38760,0.39745,0.39455,0.35565,0.34152,0.33882,0.34021,0.33744,0.33663,0.33678,0.33744,0.33671,0.33541,0.33415,0.33565,0.33654,0.33581,0.33517,0.33512,0.33599,0.33608,0.33692,0.33703,0.34084,0.41076,0.44867,0.44197,0.46092,0.48457,0.48541,0.47121,0.45968,0.40120,0.34462,0.34125,0.34092,0.33875,0.33795,0.33860,0.34440,0.35734,0.35532,0.34347,0.33928,0.33782,0.33780,0.33651,0.33590,0.33782,0.34168,0.35470,0.38658,0.42786,0.45247,0.45919,0.47385,0.48986,0.50119,0.50119,0.49686,0.49489,0.48424,0.47855,0.47585,0.47447,0.47585,0.47480,0.47562,0.47728,0.47934,0.49197,0.49779,0.49131,0.48118,0.47627,0.47533,0.47505,0.47587,0.47786,0.47824,0.47919,0.48167,0.46862,0.46654,0.47254,0.40376,0.36128,0.34139,0.34653,0.34274,0.34192,0.33191,0.33240,0.33736,0.34677,0.33565,0.33275,0.33177,0.33315,0.33299,0.33208,0.33301,0.33322,0.33306,0.34354,0.15645,0.00000,0.00000,0.00000,0.00000,0.00000,0.00000,0.00000
0.00000,0.00000,0.00000,0.00000,0.00000,0.00000,0.07347,0.33260,0.33260,0.33249,0.33224,0.33791,0.35619,0.35771,0.34061,0.33481,0.34464,0.34974,0.34739,0.34939,0.37118,0.41553,0.45571,0.47901,0.47237,0.47270,0.47383,0.47447,0.48112,0.48741,0.49476,0.49354,0.48714,0.47897,0.45835,0.40788,0.37683,0.38193,0.41790,0.46041,0.45952,0.45941,0.46318,0.46287,0.46344,0.46554,0.46874,0.46791,0.46871,0.46523,0.46745,0.46543,0.46504,0.46247,0.46453,0.47429,0.46946,0.45896,0.47445,0.44147,0.34617,0.33778,0.33928,0.34024,0.33847,0.33711,0.33676,0.33654,0.33634,0.33638,0.33428,0.33434,0.33570,0.33503,0.33561,0.33590,0.33722,0.33765,0.34154,0.39116,0.46388,0.44893,0.45232,0.45764,0.47146,0.47436,0.47578,0.48273,0.51140,0.48371,0.44680,0.43201,0.43475,0.44169,0.45358,0.46902,0.47571,0.47793,0.46596,0.45440,0.44490,0.42931,0.41147,0.40157,0.40527,0.42538,0.44880,0.45784,0.46464,0.47292,0.47144,0.47110,0.48575,0.50083,0.50238,0.49512,0.49658,0.49594,0.48825,0.47872,0.47569,0.47294,0.47272,0.47266,0.47392,0.47642,0.47994,0.49255,0.49412,0.48863,0.48165,0.47655,0.47607,0.47476,0.47544,0.47724,0.47870,0.48165,0.47713,0.45272,0.46211,0.42804,0.37034,0.35098,0.34518,0.34110,0.34635,0.33740,0.33410,0.33603,0.34471,0.33791,0.33262,0.33346,0.33357,0.33242,0.33273,0.33315,0.33324,0.33414,0.33727,0.31173,0.00000,0.00000,0.00000,0.00000,0.00000,0.00000,0.00000
0.00000,0.00000,0.00000,0.00000,0.00000,0.00000,0.22146,0.33295,0.33282,0.33144,0.33765,0.35840,0.36073,0.34325,0.33352,0.33131,0.33397,0.33968,0.34409,0.36469,0.41759,0.44094,0.48065,0.47336,0.47166,0.47194,0.47219,0.47633,0.48273,0.49357,0.49381,0.48595,0.47846,0.46167,0.41287,0.37138,0.35530,0.35991,0.38633,0.42612,0.44820,0.45113,0.45930,0.46109,0.46444,0.46796,0.46967,0.46842,0.46623,0.46747,0.46566,0.46519,0.46455,0.46464,0.46433,0.46842,0.47029,0.46521,0.46475,0.47600,0.45978,0.36704,0.34387,0.34281,0.34104,0.34137,0.33928,0.33727,0.33616,0.33714,0.33685,0.33676,0.33716,0.33758,0.33682,0.33764,0.34033,0.35599,0.40848,0.46982,0.46446,0.46081,0.46160,0.46328,0.46991,0.47338,0.48233,0.49490,0.49746,0.49195,0.48949,0.48801,0.48393,0.47782,0.47682,0.47383,0.47363,0.47245,0.47640,0.47744,0.47760,0.47979,0.47923,0.47928,0.47389,0.47115,0.46955,0.46714,0.46687,0.47235,0.47163,0.47093,0.47130,0.48913,0.49822,0.49662,0.50136,0.50652,0.50659,0.50455,0.49662,0.47624,0.46980,0.46997,0.47308,0.47522,0.47596,0.48313,0.49598,0.49140,0.48677,0.48302,0.47702,0.47866,0.47660,0.47910,0.47923,0.47830,0.47828,0.45859,0.45874,0.46851,0.39490,0.35204,0.34411,0.33796,0.34032,0.34072,0.33920,0.34075,0.34298,0.33980,0.33270,0.33301,0.33126,0.33187,0.33350,0.33302,0.33301,0.33191,0.33393,0.34571,0.11589,0.00000,0.00000,0.00000,0.00000,0.00000,0.00000
0.00000,0.00000,0.00000,0.00000,0.00000,0.03695,0.33301,0.33107,0.33198,0.33490,0.35444,0.36172,0.34584,0.33536,0.33249,0.33226,0.33452,0.34041,0.35313,0.41362,0.42734,0.47764,0.47356,0.47265,0.47321,0.47263,0.47664,0.48397,0.49115,0.49427,0.48599,0.48183,0.47095,0.42601,0.37264,0.35437,0.34586,0.34928,0.37673,0.41581,0.43679,0.44100,0.45312,0.46464,0.46654,0.46931,0.47049,0.46940,0.46645,0.46685,0.46778,0.46816,0.46831,0.46541,0.46503,0.46652,0.46709,0.46670,0.46517,0.47328,0.48969,0.48714,0.44897,0.39610,0.35483,0.34591,0.34117,0.33908,0.33922,0.33964,0.33782,0.33802,0.33869,0.34154,0.34389,0.35138,0.38244,0.45433,0.47465,0.47186,0.46754,0.46459,0.46532,0.47080,0.47494,0.47449,0.47737,0.47795,0.48346,0.48816,0.48767,0.48506,0.48388,0.47930,0.47791,0.47598,0.47518,0.47575,0.47866,0.47781,0.47638,0.47547,0.47549,0.47585,0.47410,0.47192,0.47172,0.47467,0.47509,0.47518,0.47587,0.47319,0.46809,0.47356,0.48708,0.49918,0.50396,0.50737,0.50816,0.50829,0.50581,0.49334,0.47445,0.47152,0.47243,0.47443,0.47465,0.47576,0.48654,0.49294,0.49024,0.48302,0.48050,0.47759,0.47680,0.47596,0.47782,0.47762,0.47724,0.46641,0.45733,0.46218,0.46743,0.36514,0.34923,0.33951,0.33904,0.33177,0.33578,0.33683,0.33986,0.34263,0.33302,0.33158,0.33226,0.33366,0.33244,0.33118,0.33151,0.33260,0.33260,0.34214,0.27110,0.00000,0.00000,0.00000,0.00000,0.00000,0.00000
0.00000,0.00000,0.00000,0.00000,0.00000,0.18452,0.33146,0.33069,0.33264,0.35288,0.36469,0.34686,0.33368,0.33209,0.33435,0.33831,0.34068,0.34170,0.40190,0.41894,0.46736,0.47627,0.47443,0.47534,0.47478,0.47691,0.48475,0.49142,0.49631,0.48765,0.48327,0.47325,0.43287,0.36926,0.34979,0.34547,0.34156,0.34422,0.36746,0.41449,0.44003,0.43597,0.44751,0.46329,0.47011,0.47343,0.47221,0.46791,0.46827,0.46873,0.46694,0.46851,0.46741,0.46698,0.46743,0.46805,0.46734,0.46730,0.46938,0.46969,0.47099,0.47398,0.47452,0.47576,0.46747,0.42521,0.36914,0.34897,0.35125,0.34934,0.34743,0.35220,0.35902,0.35904,0.36946,0.42255,0.47324,0.47489,0.47367,0.47219,0.47048,0.46840,0.46809,0.46698,0.47049,0.47365,0.47460,0.47806,0.48355,0.49016,0.48976,0.49201,0.48929,0.48470,0.48067,0.47884,0.47961,0.47981,0.48007,0.47711,0.47602,0.47660,0.47708,0.47753,0.47553,0.47170,0.47400,0.47478,0.47547,0.47740,0.47733,0.47471,0.47153,0.47190,0.47121,0.48358,0.50231,0.50898,0.50838,0.50898,0.50019,0.49011,0.47618,0.47008,0.47073,0.47441,0.47753,0.47686,0.47604,0.49047,0.49598,0.48759,0.48406,0.47921,0.47768,0.47662,0.47863,0.47853,0.47726,0.47527,0.46410,0.45921,0.46532,0.43708,0.35583,0.34279,0.33614,0.33572,0.33490,0.33311,0.33547,0.34161,0.33346,0.33295,0.33364,0.33213,0.33104,0.33282,0.33392,0.33317,0.33233,0.33862,0.34918,0.07472,0.00000,0.00000,0.00000,0.00000,0.00000
0.00000,0.00000,0.00000,0.00000,0.00000,0.29458,0.33120,0.33333,0.35047,0.36531,0.34888,0.33714,0.33412,0.33507,0.33822,0.33485,0.33377,0.38122,0.41774,0.44625,0.48103,0.47394,0.47358,0.47323,0.47381,0.48428,0.48876,0.49797,0.49181,0.48933,0.47593,0.43941,0.37269,0.34863,0.34287,0.33878,0.33778,0.34230,0.36198,0.40055,0.44288,0.44207,0.44856,0.46561,0.47203,0.47122,0.47084,0.46904,0.46814,0.46825,0.47082,0.46913,0.46873,0.47024,0.47062,0.47166,0.46966,0.46904,0.46907,0.47039,0.47121,0.47341,0.47438,0.47387,0.47274,0.47720,0.48885,0.46720,0.44125,0.42095,0.40507,0.41090,0.42490,0.44849,0.47330,0.47361,0.46954,0.47636,0.48592,0.47837,0.47325,0.47363,0.47365,0.46973,0.47662,0.48553,0.48907,0.48738,0.48280,0.48377,0.48249,0.48136,0.48291,0.48236,0.48473,0.48437,0.48313,0.48333,0.47906,0.47649,0.47593,0.47717,0.47733,0.47463,0.47367,0.47567,0.47642,0.47684,0.47884,0.47888,0.48059,0.47713,0.47600,0.47571,0.46893,0.47302,0.48812,0.50705,0.51529,0.50725,0.49334,0.47400,0.47097,0.47354,0.47369,0.47567,0.47657,0.47627,0.47759,0.48069,0.49450,0.49407,0.48455,0.48214,0.47894,0.47748,0.47821,0.47662,0.47746,0.47704,0.47190,0.46047,0.45908,0.47108,0.39256,0.35258,0.33671,0.33386,0.33220,0.33304,0.33373,0.34083,0.33519,0.33257,0.33220,0.33202,0.33202,0.33260,0.33222,0.33102,0.33277,0.33898,0.35116,0.18912,0.00000,0.00000,0.00000,0.00000,0.00000
0.00000,0.00000,0.00000,0.00000,0.07303,0.33071,0.33224,0.34152,0.36414,0.35444,0.33877,0.33618,0.33827,0.33893,0.33937,0.34290,0.35902,0.41354,0.42372,0.47870,0.47363,0.47133,0.47194,0.47410,0.47815,0.48829,0.49518,0.49279,0.49140,0.47505,0.44320,0.37922,0.34814,0.34352,0.34052,0.34172,0.33975,0.34571,0.36054,0.39161,0.43010,0.43770,0.44705,0.47059,0.47729,0.47514,0.47237,0.47341,0.46902,0.46843,0.46798,0.46986,0.46895,0.47035,0.47179,0.47039,0.46933,0.47104,0.46953,0.47122,0.47432,0.47420,0.47471,0.47627,0.47739,0.47669,0.47877,0.48242,0.48878,0.49481,0.48353,0.47992,0.47873,0.48008,0.47735,0.47332,0.47484,0.47066,0.47246,0.47513,0.47223,0.46895,0.47139,0.47946,0.48543,0.49239,0.50116,0.49545,0.48610,0.47808,0.47771,0.48016,0.48012,0.48008,0.47781,0.47600,0.47717,0.47937,0.48008,0.48555,0.48349,0.47693,0.47584,0.47646,0.47735,0.47469,0.47591,0.47770,0.48001,0.48047,0.48180,0.47739,0.47689,0.47576,0.47321,0.47569,0.47883,0.49049,0.50628,0.48811,0.48063,0.46289,0.47305,0.47664,0.47651,0.47870,0.47826,0.47697,0.47744,0.47576,0.48375,0.49633,0.49297,0.48601,0.48131,0.47926,0.47828,0.47602,0.47606,0.47795,0.47664,0.46586,0.45927,0.46184,0.45679,0.36050,0.34726,0.33341,0.33530,0.33417,0.33368,0.33995,0.34030,0.33269,0.33284,0.33277,0.33426,0.33423,0.33244,0.33408,0.33332,0.33430,0.34819,0.30314,0.00000,0.00000,0.00000,0.00000,0.00000
0.00000,0.00000,0.00000,0.00000,0.18341,0.33127,0.33231,0.35953,0.35723,0.33866,0.33590,0.34039,0.34223,0.34615,0.34573,0.34197,0.39610,0.41232,0.45914,0.47837,0.47423,0.47485,0.47330,0.47606,0.48388,0.49192,0.49275,0.48938,0.48517,0.44596,0.37614,0.33625,0.33722,0.33793,0.33875,0.33791,0.33993,0.34739,0.36854,0.39940,0.42142,0.43234,0.43947,0.46796,0.47383,0.47142,0.47157,0.47121,0.47068,0.47110,0.47146,0.47159,0.47064,0.47203,0.47024,0.46940,0.47031,0.47124,0.47232,0.47150,0.47203,0.47370,0.47516,0.47726,0.47793,0.47954,0.48183,0.48900,0.49120,0.49235,0.48347,0.48021,0.48059,0.48025,0.47782,0.47491,0.47203,0.47177,0.47237,0.47471,0.47126,0.46911,0.47491,0.48059,0.48012,0.48934,0.49780,0.49314,0.49275,0.47930,0.47688,0.47779,0.47793,0.47802,0.48129,0.48335,0.47853,0.47881,0.48100,0.48167,0.48202,0.48668,0.47822,0.47609,0.47627,0.47781,0.47786,0.47863,0.48109,0.48223,0.48129,0.47879,0.47633,0.47476,0.47474,0.47607,0.47693,0.48116,0.46869,0.47378,0.45546,0.45402,0.47254,0.47961,0.47950,0.47903,0.47799,0.47797,0.47782,0.47895,0.47708,0.49222,0.49512,0.49312,0.48225,0.48285,0.47921,0.47584,0.47775,0.47671,0.47682,0.47259,0.45992,0.45956,0.47028,0.40740,0.35636,0.34179,0.33344,0.33439,0.33773,0.33774,0.34516,0.33661,0.33279,0.33352,0.33253,0.33195,0.33197,0.33157,0.33104,0.33468,0.34817,0.33842,0.07429,0.00000,0.00000,0.00000,0.00000
0.00000,0.00000,0.00000,0.00000,0.32907,0.32927,0.35375,0.36387,0.34276,0.33778,0.34022,0.33999,0.34135,0.34143,0.33937,0.36478,0.41480,0.43177,0.48160,0.47307,0.47502,0.47425,0.47440,0.47965,0.48728,0.49007,0.48800,0.48987,0.46410,0.39882,0.34358,0.33594,0.33754,0.33791,0.33893,0.34033,0.34227,0.35041,0.37665,0.41446,0.41318,0.41765,0.42928,0.46537,0.47505,0.47451,0.47398,0.47141,0.46991,0.47035,0.47164,0.47179,0.47128,0.47339,0.47203,0.47268,0.47458,0.47463,0.47465,0.47423,0.47451,0.47578,0.47527,0.47861,0.48034,0.47937,0.48132,0.48240,0.48114,0.48227,0.48681,0.48236,0.48098,0.47999,0.47821,0.47731,0.47811,0.47575,0.47447,0.47518,0.47542,0.47757,0.48298,0.48590,0.48174,0.48019,0.48907,0.49146,0.48965,0.48079,0.47622,0.47658,0.47746,0.47968,0.47981,0.47655,0.47606,0.47801,0.47739,0.47804,0.47784,0.48063,0.47857,0.47698,0.47627,0.47678,0.47682,0.47883,0.48202,0.48028,0.47992,0.47977,0.47921,0.47724,0.47833,0.47726,0.48074,0.48322,0.46667,0.45726,0.47122,0.45392,0.48295,0.49337,0.48351,0.48103,0.47626,0.47768,0.47755,0.47686,0.47613,0.48112,0.49319,0.49177,0.48945,0.48818,0.48347,0.47569,0.47609,0.47715,0.47768,0.47622,0.47046,0.46043,0.46156,0.46368,0.36068,0.35029,0.34296,0.34376,0.34217,0.34409,0.34575,0.34163,0.33350,0.33206,0.33129,0.33053,0.33146,0.33328,0.33370,0.33470,0.35160,0.33886,0.22333,0.00000,0.00000,0.00000,0.00000
0.00000,0.00000,0.00000,0.11042,0.33144,0.34489,0.36493,0.34812,0.33831,0.33931,0.34444,0.34332,0.33660,0.33552,0.34329,0.40456,0.41141,0.45961,0.47476,0.47383,0.47434,0.47589,0.47773,0.48537,0.48619,0.48428,0.48626,0.47336,0.43343,0.36485,0.33784,0.33570,0.33758,0.34075,0.34117,0.34290,0.34810,0.35995,0.38620,0.42315,0.41880,0.41703,0.42813,0.46421,0.47288,0.47363,0.47513,0.47028,0.47133,0.47245,0.47301,0.47372,0.47082,0.47270,0.47533,0.47367,0.47299,0.47307,0.47507,0.47662,0.47779,0.48069,0.48162,0.47939,0.47835,0.48003,0.47837,0.48008,0.48032,0.48018,0.48107,0.48182,0.48063,0.48001,0.47957,0.47956,0.47848,0.48016,0.48245,0.48320,0.48313,0.48564,0.49035,0.49058,0.48078,0.47631,0.48196,0.48876,0.49290,0.48847,0.48143,0.47932,0.47888,0.47702,0.47884,0.48001,0.47771,0.47731,0.47702,0.47830,0.47662,0.48402,0.48005,0.47472,0.47449,0.47498,0.47383,0.48067,0.48218,0.48306,0.48399,0.48220,0.48083,0.47981,0.47790,0.47600,0.48316,0.49560,0.49153,0.45237,0.45875,0.49372,0.48065,0.50265,0.48346,0.48014,0.47799,0.47609,0.47653,0.47781,0.47482,0.47587,0.48502,0.49871,0.49339,0.48260,0.49073,0.48300,0.47804,0.47624,0.47904,0.47804,0.47536,0.46306,0.45937,0.46825,0.41087,0.35025,0.34733,0.34712,0.34763,0.33957,0.33805,0.34736,0.34371,0.33570,0.33310,0.33348,0.33561,0.33512,0.33282,0.33700,0.35080,0.33807,0.33689,0.00000,0.00000,0.00000,0.00000
0.00000,0.00000,0.00000,0.18481,0.33601,0.35962,0.35299,0.34035,0.33982,0.34161,0.34166,0.33643,0.33483,0.33796,0.36788,0.41847,0.43156,0.48185,0.47547,0.47636,0.47458,0.47451,0.48052,0.48614,0.48189,0.48670,0.48559,0.45784,0.40332,0.34460,0.33893,0.33827,0.33805,0.33999,0.34420,0.34792,0.35466,0.36591,0.39245,0.41478,0.42129,0.41936,0.42917,0.46727,0.47456,0.47474,0.47370,0.47385,0.47179,0.47456,0.47336,0.47423,0.47551,0.47414,0.47168,0.47458,0.47873,0.48544,0.48730,0.48559,0.48357,0.48369,0.48229,0.48138,0.48101,0.48209,0.48258,0.48247,0.48125,0.47974,0.47997,0.48028,0.48094,0.47985,0.48222,0.48337,0.48473,0.48276,0.48061,0.47939,0.47631,0.47762,0.47595,0.47804,0.47945,0.47892,0.48107,0.48264,0.48504,0.48488,0.48234,0.48233,0.48187,0.48085,0.47853,0.47875,0.47863,0.47852,0.47945,0.48256,0.48244,0.48194,0.47925,0.47636,0.47728,0.47516,0.47469,0.48061,0.48351,0.48182,0.48388,0.48147,0.47841,0.47640,0.47576,0.47849,0.49015,0.49797,0.49695,0.47086,0.43927,0.49020,0.49452,0.49625,0.48282,0.48018,0.47742,0.47505,0.47861,0.47666,0.47219,0.47414,0.47857,0.49303,0.49512,0.48448,0.48409,0.48697,0.48116,0.47757,0.47658,0.47841,0.47737,0.47059,0.46112,0.46211,0.46391,0.35610,0.35209,0.34495,0.34259,0.34859,0.34537,0.33899,0.33931,0.34690,0.33948,0.33579,0.33144,0.33301,0.33392,0.33714,0.34852,0.33980,0.33882,0.07580,0.00000,0.00000,0.00000
0.00000,0.00000,0.00000,0.29616,0.35603,0.36571,0.34637,0.34050,0.34188,0.34332,0.34283,0.34143,0.33486,0.34028,0.40328,0.41502,0.46154,0.47719,0.47387,0.47589,0.47667,0.47904,0.48801,0.48707,0.48654,0.48692,0.47675,0.44020,0.38201,0.34223,0.33694,0.33858,0.34309,0.34653,0.35510,0.36467,0.36914,0.37546,0.39240,0.40788,0.41416,0.41688,0.43201,0.47418,0.47678,0.47629,0.47502,0.47472,0.47483,0.47434,0.47660,0.47478,0.47633,0.47613,0.47919,0.48459,0.48759,0.48914,0.49272,0.48860,0.48621,0.48495,0.48249,0.47910,0.48034,0.48087,0.48014,0.48098,0.48307,0.48326,0.48214,0.48207,0.48378,0.48411,0.48229,0.48262,0.48279,0.48178,0.48171,0.48069,0.48019,0.48271,0.48362,0.47759,0.47606,0.47921,0.48032,0.48152,0.48271,0.48149,0.48254,0.48121,0.48089,0.47961,0.47791,0.47842,0.47990,0.48028,0.48085,0.48575,0.48681,0.48189,0.47950,0.47842,0.47828,0.47440,0.47427,0.48524,0.48189,0.48220,0.48577,0.48225,0.47750,0.47830,0.47764,0.48084,0.48710,0.49439,0.50302,0.49693,0.46291,0.47434,0.48125,0.48528,0.48152,0.48094,0.47926,0.48089,0.46512,0.46291,0.46466,0.47111,0.47372,0.48499,0.49662,0.49226,0.48116,0.49137,0.48976,0.47963,0.47832,0.47771,0.47850,0.47697,0.46417,0.45905,0.46694,0.40485,0.34861,0.35277,0.34504,0.34199,0.34706,0.34312,0.33572,0.34325,0.34834,0.33835,0.33452,0.33262,0.33363,0.33855,0.34936,0.34152,0.33742,0.18563,0.00000,0.00000,0.00000
0.00000,0.00000,0.07392,0.34691,0.36553,0.34378,0.34159,0.34170,0.34577,0.34345,0.34157,0.35293,0.34644,0.36248,0.42082,0.42206,0.47770,0.47389,0.47317,0.47150,0.47235,0.48014,0.48650,0.48038,0.48581,0.48528,0.46825,0.44047,0.38009,0.35076,0.34819,0.34657,0.34932,0.35350,0.35946,0.37067,0.37878,0.37834,0.38426,0.41097,0.41741,0.41643,0.44116,0.48337,0.48196,0.47932,0.47857,0.47762,0.47575,0.47558,0.47520,0.47647,0.47613,0.47864,0.48433,0.48625,0.48770,0.48845,0.49099,0.49144,0.49308,0.49144,0.48419,0.48065,0.47904,0.47883,0.48079,0.48306,0.48338,0.48223,0.48377,0.48435,0.48090,0.48291,0.48260,0.48347,0.48511,0.48541,0.48513,0.48229,0.48103,0.48982,0.48956,0.48307,0.47863,0.47915,0.48036,0.47983,0.48205,0.48163,0.48107,0.48078,0.48466,0.48333,0.48036,0.47934,0.47915,0.48036,0.48223,0.49314,0.49055,0.48202,0.47994,0.47901,0.47688,0.47853,0.47926,0.48200,0.48012,0.48262,0.48271,0.48415,0.48561,0.48233,0.48028,0.48244,0.48787,0.48924,0.50218,0.49884,0.48351,0.46998,0.47567,0.47873,0.48140,0.48233,0.48530,0.45879,0.44308,0.45431,0.46546,0.47226,0.47378,0.48242,0.49511,0.49511,0.48550,0.48872,0.49691,0.49029,0.48227,0.47957,0.47790,0.47722,0.47400,0.46085,0.46306,0.45684,0.34852,0.35320,0.35317,0.34314,0.33616,0.34110,0.34130,0.33563,0.34713,0.34637,0.33713,0.33370,0.33357,0.33680,0.34662,0.34717,0.34152,0.29939,0.00000,0.00000,0.00000
0.00000,0.00000,0.15559,0.36321,0.34936,0.33860,0.34057,0.33676,0.34185,0.34084,0.33789,0.34582,0.34804,0.39573,0.41568,0.44669,0.47673,0.47219,0.47263,0.47638,0.48003,0.48668,0.48276,0.48473,0.48816,0.48677,0.46244,0.43068,0.36037,0.34360,0.34241,0.34631,0.34746,0.34928,0.35052,0.35955,0.37479,0.39065,0.38704,0.42262,0.42620,0.42266,0.45972,0.49166,0.48413,0.48172,0.47897,0.47771,0.47757,0.47584,0.47775,0.47660,0.47671,0.47917,0.48180,0.48353,0.48481,0.48716,0.48927,0.49199,0.49133,0.48610,0.48151,0.48205,0.48411,0.48705,0.48747,0.48362,0.48158,0.48247,0.48193,0.48564,0.48482,0.48429,0.48632,0.49412,0.49420,0.49208,0.49006,0.48183,0.47797,0.47618,0.48182,0.48129,0.48450,0.48486,0.48612,0.48375,0.47968,0.48092,0.48222,0.48131,0.48238,0.48355,0.48316,0.47915,0.47713,0.47658,0.48674,0.50364,0.49268,0.47979,0.47983,0.48141,0.48027,0.48070,0.47888,0.48136,0.48446,0.48384,0.48415,0.48234,0.48553,0.48541,0.48253,0.48780,0.48940,0.48769,0.50077,0.50455,0.48967,0.47575,0.47606,0.47870,0.48185,0.48543,0.44942,0.38543,0.38635,0.40425,0.43701,0.46820,0.48326,0.47996,0.49108,0.49551,0.48896,0.48501,0.49523,0.49505,0.48508,0.47853,0.47709,0.47682,0.47551,0.46477,0.45906,0.46916,0.38478,0.34560,0.35468,0.35351,0.33942,0.33618,0.34314,0.34022,0.34004,0.34872,0.34416,0.33649,0.33392,0.33505,0.33818,0.34651,0.35074,0.34006,0.03794,0.00000,0.00000
0.00000,0.00000,0.24355,0.35895,0.34247,0.34451,0.33860,0.33556,0.34314,0.33707,0.34033,0.34422,0.35481,0.41610,0.41449,0.47015,0.47316,0.47153,0.47226,0.47270,0.48089,0.48922,0.48132,0.48882,0.49576,0.48537,0.43524,0.40569,0.35381,0.34602,0.34376,0.34371,0.34425,0.34511,0.34619,0.34540,0.34781,0.36735,0.39979,0.46224,0.48821,0.47020,0.49432,0.49751,0.48710,0.48096,0.48021,0.47925,0.47779,0.47771,0.47795,0.47465,0.47558,0.47941,0.48176,0.48129,0.48054,0.47899,0.47895,0.47921,0.47728,0.47899,0.47815,0.47881,0.47872,0.48388,0.48506,0.48408,0.48444,0.48524,0.48444,0.48138,0.48123,0.48236,0.48843,0.48501,0.48455,0.48816,0.48785,0.48727,0.48160,0.47917,0.47709,0.47997,0.48193,0.48552,0.48552,0.48821,0.48123,0.48001,0.48079,0.47977,0.48036,0.48090,0.47926,0.48087,0.47901,0.48366,0.49452,0.49835,0.48595,0.47863,0.47724,0.47915,0.47848,0.47846,0.47912,0.48601,0.48484,0.48665,0.48513,0.48003,0.47651,0.47762,0.48240,0.48928,0.48581,0.48694,0.49102,0.49702,0.48606,0.47985,0.47596,0.47795,0.47897,0.43668,0.37595,0.35390,0.36022,0.36507,0.37803,0.40715,0.46698,0.48909,0.49445,0.50298,0.49332,0.48457,0.49084,0.49064,0.48995,0.48147,0.48016,0.47600,0.47567,0.47341,0.46014,0.46317,0.43876,0.33465,0.34783,0.35563,0.35444,0.33815,0.33568,0.34300,0.34064,0.34190,0.34874,0.34130,0.33645,0.33445,0.33510,0.33547,0.34343,0.35286,0.11481,0.00000,0.00000
0.00000,0.00000,0.36214,0.33880,0.34139,0.34316,0.33749,0.33811,0.34389,0.33980,0.34161,0.34338,0.37189,0.42561,0.43023,0.47502,0.47037,0.47405,0.47305,0.47438,0.48320,0.48103,0.48202,0.48980,0.49157,0.45443,0.42240,0.39969,0.36742,0.35689,0.34976,0.34608,0.34506,0.34631,0.34660,0.34901,0.34839,0.34954,0.36343,0.43015,0.48916,0.51179,0.50205,0.48896,0.48344,0.48183,0.47890,0.47850,0.47596,0.47644,0.47469,0.47494,0.47516,0.47770,0.47952,0.47879,0.47739,0.47361,0.47157,0.47208,0.47467,0.47895,0.47857,0.47832,0.47954,0.48070,0.48056,0.48047,0.48050,0.48262,0.48572,0.49068,0.49013,0.48931,0.48594,0.48220,0.48138,0.48490,0.48929,0.48792,0.48360,0.48282,0.48061,0.47760,0.47895,0.47790,0.47589,0.48116,0.48152,0.48205,0.48116,0.47886,0.48036,0.47957,0.48597,0.48615,0.48304,0.48605,0.48745,0.48805,0.48313,0.48253,0.48205,0.48048,0.47833,0.47853,0.47873,0.48047,0.47855,0.48079,0.48497,0.48289,0.48193,0.48054,0.48652,0.48983,0.49007,0.48763,0.49062,0.48931,0.47946,0.48005,0.47810,0.48134,0.44348,0.41872,0.36110,0.35382,0.36059,0.36276,0.36726,0.37351,0.39969,0.48371,0.50218,0.50499,0.49963,0.48829,0.48909,0.49456,0.49292,0.48386,0.47954,0.47990,0.47627,0.47503,0.46432,0.45839,0.46503,0.36019,0.33915,0.34885,0.35851,0.34599,0.33827,0.33682,0.34126,0.34110,0.34453,0.34872,0.33629,0.33370,0.34079,0.34436,0.34516,0.35311,0.23181,0.00000,0.00000
0.00000,0.08048,0.34657,0.34261,0.34449,0.33308,0.33173,0.34495,0.34063,0.33880,0.34188,0.33687,0.39415,0.42173,0.44762,0.47496,0.47359,0.47255,0.47235,0.47744,0.48524,0.47997,0.47729,0.48103,0.48287,0.46337,0.41839,0.38409,0.35732,0.35494,0.35330,0.35231,0.35127,0.35320,0.35439,0.35492,0.35747,0.36139,0.37119,0.38824,0.42470,0.45598,0.46145,0.47636,0.47728,0.47822,0.47810,0.47627,0.47691,0.47538,0.47821,0.47647,0.47622,0.47853,0.47844,0.47782,0.47733,0.47352,0.47498,0.47755,0.47775,0.47903,0.48052,0.48176,0.48074,0.48010,0.47892,0.48193,0.48364,0.48656,0.49153,0.49682,0.48920,0.48723,0.48758,0.48471,0.48534,0.49820,0.50823,0.50590,0.49047,0.48752,0.48298,0.48030,0.48225,0.48479,0.48010,0.47934,0.48446,0.48486,0.48776,0.48697,0.48548,0.49095,0.50426,0.50473,0.49175,0.48324,0.48369,0.48109,0.47950,0.48125,0.47866,0.47959,0.47782,0.47657,0.47917,0.47853,0.48052,0.48471,0.48608,0.48254,0.48021,0.48222,0.48151,0.48593,0.48969,0.49326,0.49447,0.48488,0.48132,0.48010,0.47833,0.47257,0.42155,0.41404,0.35085,0.35413,0.35902,0.36031,0.36575,0.37189,0.37165,0.41641,0.50617,0.50606,0.49822,0.49346,0.48617,0.49398,0.49500,0.49002,0.48244,0.48043,0.47857,0.47631,0.47215,0.46151,0.46911,0.40928,0.34130,0.34629,0.34830,0.35258,0.34172,0.34174,0.33959,0.34387,0.34697,0.34949,0.34179,0.34265,0.35289,0.34511,0.34637,0.34285,0.30533,0.00000,0.00000
0.00000,0.11208,0.33612,0.34298,0.33638,0.33366,0.33915,0.34702,0.34604,0.34489,0.34270,0.33798,0.41411,0.42065,0.46758,0.47330,0.47070,0.47008,0.47237,0.48132,0.48488,0.47636,0.47715,0.48424,0.48008,0.48171,0.46111,0.40108,0.37486,0.36837,0.36770,0.36702,0.36810,0.36715,0.36970,0.37132,0.37451,0.37769,0.38142,0.38717,0.41801,0.47142,0.46874,0.47356,0.47760,0.47899,0.47895,0.47806,0.47626,0.47447,0.47564,0.47704,0.47852,0.47821,0.47853,0.47895,0.47646,0.47531,0.47629,0.47567,0.47919,0.47777,0.47813,0.47908,0.47873,0.48120,0.48193,0.48284,0.48843,0.48685,0.48599,0.48619,0.48750,0.48342,0.48530,0.48898,0.50603,0.51490,0.51237,0.50260,0.50378,0.50819,0.50542,0.48426,0.48460,0.49611,0.48346,0.47977,0.48258,0.48429,0.48506,0.48666,0.48599,0.48566,0.48869,0.49022,0.48439,0.48156,0.47824,0.47722,0.47957,0.47886,0.48105,0.48059,0.47932,0.47956,0.48110,0.47791,0.48010,0.48400,0.48880,0.48524,0.48131,0.48280,0.48322,0.48757,0.48925,0.48781,0.48663,0.47853,0.47812,0.47742,0.48273,0.45473,0.42189,0.41725,0.34763,0.35040,0.35384,0.35703,0.36611,0.37616,0.38029,0.38735,0.48862,0.50821,0.50006,0.49407,0.48544,0.49190,0.49232,0.49042,0.48214,0.47667,0.47839,0.47912,0.47821,0.46233,0.45910,0.45210,0.34914,0.34265,0.35105,0.35555,0.33694,0.33802,0.33942,0.33971,0.34890,0.34990,0.34927,0.34462,0.35280,0.33709,0.33386,0.33443,0.33638,0.00000,0.00000
0.00000,0.22168,0.33525,0.34701,0.33607,0.33630,0.34070,0.34185,0.34290,0.34259,0.33795,0.35107,0.43223,0.43513,0.47917,0.47478,0.47529,0.47465,0.47624,0.48227,0.48747,0.48260,0.48322,0.49398,0.48519,0.48964,0.49222,0.48543,0.48096,0.48129,0.47744,0.47480,0.47223,0.47066,0.46576,0.46287,0.46112,0.46247,0.46823,0.47957,0.50046,0.50633,0.48975,0.47884,0.47997,0.47974,0.47972,0.47786,0.47793,0.47611,0.47746,0.47560,0.47671,0.47629,0.47744,0.47596,0.47709,0.47695,0.48027,0.48083,0.48121,0.48213,0.47921,0.47914,0.47750,0.48446,0.48193,0.48167,0.48187,0.48258,0.48134,0.48586,0.48976,0.48982,0.48876,0.49450,0.50767,0.50451,0.49319,0.48998,0.49157,0.50500,0.51428,0.49986,0.48528,0.48606,0.48557,0.48378,0.48378,0.48227,0.48182,0.48116,0.48280,0.48273,0.48134,0.48154,0.48098,0.48141,0.48304,0.48072,0.48050,0.48154,0.48010,0.47968,0.48079,0.48233,0.48171,0.48085,0.48353,0.48355,0.48377,0.48311,0.47833,0.48072,0.47999,0.48670,0.48685,0.48003,0.47327,0.47075,0.47593,0.47575,0.48388,0.44127,0.42758,0.42753,0.34843,0.34834,0.35131,0.35707,0.37643,0.38429,0.38594,0.39125,0.48552,0.50362,0.49576,0.48911,0.48183,0.48827,0.49421,0.48880,0.48783,0.47957,0.47788,0.47635,0.47607,0.47248,0.46103,0.46678,0.36950,0.34267,0.34566,0.35131,0.34289,0.34526,0.34471,0.34509,0.34753,0.34447,0.35264,0.34130,0.35213,0.34874,0.33435,0.33623,0.33826,0.11310,0.00000
0.00000,0.26078,0.33667,0.34708,0.33672,0.33632,0.34073,0.34090,0.34624,0.34372,0.33858,0.36832,0.43223,0.43626,0.47276,0.47135,0.47449,0.47407,0.47822,0.48320,0.48889,0.47999,0.48466,0.49596,0.48920,0.49503,0.49906,0.49788,0.49392,0.49605,0.49620,0.49760,0.49676,0.49888,0.50099,0.50387,0.50566,0.50677,0.50572,0.50814,0.50821,0.51343,0.50429,0.48716,0.48205,0.48214,0.48366,0.47616,0.47697,0.47799,0.47688,0.47565,0.47675,0.47886,0.47821,0.47697,0.47578,0.47655,0.47793,0.47848,0.47781,0.48008,0.47994,0.47766,0.48070,0.48670,0.48397,0.48364,0.48654,0.48750,0.49261,0.49392,0.48510,0.48045,0.48205,0.48734,0.48857,0.49536,0.49075,0.48683,0.48123,0.48063,0.48543,0.48331,0.48019,0.47976,0.48171,0.47970,0.48162,0.48172,0.48176,0.48233,0.48340,0.48344,0.48584,0.48754,0.49294,0.49058,0.48914,0.48774,0.48340,0.48187,0.48096,0.48092,0.48039,0.47866,0.47808,0.48189,0.48415,0.48344,0.47997,0.47941,0.48116,0.47872,0.48059,0.48525,0.48437,0.47934,0.47128,0.46991,0.47381,0.48110,0.48136,0.45177,0.44351,0.44723,0.35871,0.34695,0.34970,0.35565,0.38686,0.39553,0.40075,0.42129,0.48756,0.49173,0.49029,0.48583,0.48076,0.48646,0.49330,0.48949,0.49244,0.48120,0.47859,0.47795,0.47536,0.47857,0.46320,0.46565,0.40481,0.34586,0.34648,0.35160,0.34806,0.34547,0.34684,0.34932,0.34329,0.33942,0.34655,0.35435,0.35278,0.34681,0.33906,0.33922,0.33694,0.15051,0.00000
0.00000,0.32994,0.33315,0.34279,0.34879,0.34795,0.34279,0.34391,0.34420,0.33964,0.33966,0.38811,0.43057,0.44918,0.47764,0.47376,0.47317,0.47228,0.48236,0.47928,0.48484,0.48001,0.48778,0.49405,0.48841,0.49540,0.49598,0.49399,0.49795,0.49713,0.49543,0.49837,0.50017,0.49963,0.50256,0.50409,0.50420,0.50495,0.50526,0.50759,0.50781,0.51193,0.51552,0.49447,0.48586,0.48176,0.49113,0.47917,0.48032,0.48112,0.48127,0.47992,0.47872,0.47753,0.47872,0.47974,0.48030,0.48105,0.48065,0.47848,0.47974,0.47974,0.47788,0.48152,0.48490,0.48096,0.48065,0.48648,0.49441,0.49636,0.50646,0.50692,0.49102,0.48107,0.48428,0.48533,0.48441,0.48203,0.48415,0.48362,0.48216,0.48034,0.48455,0.48473,0.48134,0.47846,0.48018,0.48194,0.48435,0.48697,0.49188,0.49190,0.48975,0.48916,0.48592,0.48732,0.48874,0.48907,0.48805,0.48408,0.48222,0.48058,0.48090,0.48030,0.47981,0.48012,0.48069,0.48194,0.48368,0.48036,0.48608,0.47985,0.47584,0.47963,0.48211,0.48254,0.48220,0.47782,0.47365,0.47737,0.47981,0.48411,0.48132,0.46803,0.45775,0.47423,0.40441,0.37222,0.38018,0.39934,0.44745,0.44612,0.44670,0.45097,0.46756,0.48132,0.48697,0.48225,0.47855,0.48225,0.49472,0.48913,0.48840,0.48118,0.47775,0.47777,0.47595,0.47409,0.46949,0.46012,0.44330,0.34004,0.35074,0.35257,0.34524,0.34208,0.33807,0.33514,0.33687,0.33864,0.34008,0.34416,0.34584,0.33822,0.33660,0.33527,0.33508,0.22479,0.00000
0.05526,0.33175,0.33144,0.33025,0.33249,0.33317,0.34052,0.34600,0.34629,0.33884,0.34267,0.41214,0.42919,0.45914,0.47425,0.47044,0.47414,0.47465,0.48411,0.48165,0.49190,0.48105,0.49188,0.50358,0.49512,0.49828,0.49762,0.49472,0.49388,0.49436,0.49682,0.49523,0.49664,0.49851,0.49748,0.49840,0.50012,0.50136,0.50383,0.50484,0.50714,0.51179,0.51324,0.50088,0.49589,0.48913,0.48626,0.48205,0.47908,0.47835,0.47959,0.47926,0.48005,0.47894,0.47826,0.47799,0.47985,0.47837,0.47852,0.47870,0.47821,0.47824,0.47935,0.48054,0.48140,0.48193,0.47859,0.49157,0.49507,0.49463,0.50841,0.50679,0.48929,0.48112,0.48138,0.48141,0.48549,0.48599,0.48490,0.48513,0.48298,0.47988,0.47972,0.48515,0.48331,0.48758,0.48967,0.49425,0.49817,0.49257,0.48759,0.48220,0.48313,0.48003,0.48141,0.48267,0.48311,0.48402,0.48089,0.47830,0.47899,0.48315,0.48172,0.48182,0.47773,0.47806,0.48118,0.48028,0.48368,0.48131,0.47855,0.47970,0.48058,0.48397,0.48559,0.48123,0.47919,0.47691,0.47802,0.47208,0.47660,0.48140,0.47363,0.48163,0.48205,0.51643,0.55428,0.48490,0.48380,0.49481,0.49259,0.47004,0.46663,0.46050,0.45892,0.47764,0.47994,0.47970,0.47779,0.48145,0.48995,0.48902,0.49089,0.48264,0.47928,0.47914,0.47627,0.47799,0.47575,0.45952,0.46492,0.35984,0.35264,0.35364,0.34487,0.34305,0.34489,0.33594,0.33720,0.34312,0.34347,0.33658,0.33550,0.33468,0.33403,0.33353,0.33218,0.33352,0.00000
0.08325,0.33235,0.33177,0.33299,0.33446,0.33928,0.34185,0.34602,0.34256,0.33909,0.33494,0.41684,0.42727,0.46802,0.47277,0.47325,0.47204,0.47460,0.48324,0.47832,0.49035,0.48018,0.48568,0.49974,0.49496,0.49735,0.49871,0.49651,0.49835,0.49957,0.49923,0.49975,0.50041,0.49835,0.49935,0.50010,0.49746,0.49946,0.50067,0.50311,0.50650,0.50945,0.50967,0.49966,0.48931,0.48457,0.48386,0.48273,0.47987,0.48014,0.47997,0.47884,0.47775,0.47751,0.47937,0.48094,0.48346,0.47884,0.47720,0.47815,0.47819,0.47983,0.48187,0.48131,0.48136,0.48240,0.48614,0.49277,0.49301,0.49928,0.50869,0.50389,0.49016,0.48535,0.48552,0.48544,0.48201,0.48521,0.48402,0.48377,0.48178,0.48019,0.48276,0.48324,0.48300,0.48265,0.48424,0.48825,0.48581,0.48639,0.48601,0.48368,0.48007,0.47997,0.48050,0.48008,0.48014,0.47852,0.47830,0.48039,0.47729,0.48129,0.48306,0.48357,0.47607,0.47987,0.47795,0.47903,0.48725,0.47903,0.47873,0.48479,0.49210,0.49840,0.49924,0.49050,0.48218,0.47925,0.47248,0.47022,0.47307,0.47782,0.47638,0.47744,0.48422,0.50741,0.54143,0.52878,0.50216,0.49888,0.48517,0.47923,0.47392,0.46760,0.46501,0.47921,0.47850,0.47677,0.47713,0.47861,0.48730,0.48902,0.48863,0.48340,0.48090,0.48045,0.47901,0.47642,0.47740,0.46665,0.46701,0.39646,0.35457,0.35332,0.34801,0.34320,0.34024,0.33539,0.34254,0.35071,0.35200,0.34354,0.33313,0.33158,0.33056,0.33171,0.34403,0.45150,0.00000
0.11129,0.33355,0.33306,0.33550,0.33940,0.34504,0.34564,0.34320,0.33723,0.33401,0.34132,0.43219,0.43245,0.47456,0.47471,0.47476,0.47523,0.48174,0.48841,0.48218,0.49534,0.48236,0.48327,0.50557,0.49611,0.49430,0.49862,0.49917,0.49582,0.49542,0.49662,0.49791,0.49932,0.50088,0.49890,0.49780,0.50174,0.50251,0.49973,0.50194,0.50805,0.51189,0.50894,0.49717,0.48841,0.48196,0.48497,0.48016,0.48240,0.48054,0.48092,0.48054,0.47950,0.47899,0.47914,0.48069,0.48103,0.47906,0.47968,0.47996,0.48018,0.48059,0.48038,0.48326,0.48293,0.48149,0.48256,0.48902,0.49620,0.50067,0.49992,0.49480,0.49215,0.48707,0.48632,0.48371,0.48538,0.48911,0.48924,0.49208,0.49042,0.48586,0.48448,0.48674,0.48369,0.48132,0.48167,0.48346,0.48320,0.48519,0.48220,0.48316,0.48488,0.48371,0.48491,0.48234,0.48265,0.48254,0.48163,0.48094,0.48444,0.48466,0.48355,0.48120,0.47781,0.48065,0.47873,0.47937,0.48134,0.48209,0.48905,0.49179,0.49746,0.50380,0.50555,0.50190,0.49312,0.47139,0.46843,0.47476,0.47527,0.47675,0.48176,0.48455,0.48625,0.48856,0.49930,0.51135,0.50719,0.49467,0.48058,0.48067,0.47591,0.47101,0.47035,0.47956,0.47886,0.47381,0.47390,0.47598,0.47894,0.48790,0.48909,0.48087,0.48027,0.47622,0.47461,0.47425,0.47560,0.47405,0.46226,0.43030,0.34976,0.35499,0.35377,0.35359,0.34679,0.34117,0.35153,0.35193,0.35010,0.35171,0.33815,0.33142,0.33348,0.33457,0.39606,0.48027,0.05369
0.16771,0.33782,0.34019,0.34092,0.34600,0.34715,0.33946,0.33846,0.33459,0.33388,0.34615,0.43538,0.43697,0.47447,0.47359,0.47520,0.47540,0.48162,0.49259,0.48617,0.49886,0.48958,0.48158,0.50621,0.50074,0.49520,0.49412,0.49826,0.49844,0.49899,0.49647,0.49766,0.49665,0.49830,0.50074,0.49955,0.49950,0.49919,0.50123,0.50291,0.50792,0.50885,0.50327,0.49461,0.49667,0.48949,0.48373,0.48116,0.47835,0.47961,0.48030,0.47994,0.48028,0.48101,0.48058,0.48291,0.48417,0.48238,0.48400,0.48180,0.48346,0.48424,0.48240,0.47939,0.47943,0.48284,0.48484,0.48814,0.48426,0.47972,0.48152,0.48836,0.49215,0.49222,0.49392,0.49910,0.50275,0.51230,0.49921,0.49664,0.49303,0.48756,0.48395,0.48340,0.48101,0.47943,0.47405,0.47695,0.47979,0.47992,0.47841,0.47799,0.47864,0.47897,0.47850,0.48101,0.48535,0.48615,0.48413,0.48612,0.48413,0.48393,0.48406,0.48174,0.47737,0.47848,0.47943,0.47842,0.48008,0.48039,0.48891,0.49416,0.49540,0.50595,0.50703,0.49936,0.49653,0.47675,0.47410,0.47538,0.47598,0.47731,0.47976,0.47781,0.48382,0.48690,0.48696,0.49062,0.48597,0.48070,0.48495,0.48473,0.48193,0.47385,0.47573,0.48464,0.48145,0.47642,0.47409,0.48096,0.48187,0.48420,0.48867,0.48471,0.47460,0.47602,0.47595,0.47613,0.47505,0.47600,0.46284,0.45387,0.35118,0.35154,0.35701,0.36139,0.35304,0.34593,0.34835,0.34070,0.34575,0.34901,0.34591,0.33773,0.33419,0.33950,0.44769,0.48406,0.16002
0.16959,0.34241,0.34735,0.34629,0.34145,0.33630,0.33833,0.33966,0.33463,0.33341,0.34910,0.43772,0.44253,0.47821,0.47461,0.47529,0.47554,0.48072,0.49212,0.48539,0.49817,0.49279,0.47813,0.49487,0.50962,0.50127,0.49957,0.49853,0.49793,0.49786,0.49955,0.50050,0.49974,0.49791,0.49616,0.49811,0.49830,0.49902,0.50029,0.50444,0.50971,0.51226,0.50420,0.49636,0.49693,0.49339,0.48116,0.48016,0.48085,0.48282,0.48172,0.47983,0.48158,0.48050,0.48065,0.48001,0.48005,0.48198,0.48182,0.48187,0.48100,0.48116,0.48014,0.48090,0.48229,0.48100,0.48872,0.49144,0.48537,0.47554,0.48118,0.48550,0.50036,0.50234,0.49503,0.47086,0.47918,0.49346,0.48714,0.48626,0.48592,0.48211,0.48311,0.48038,0.47857,0.48041,0.47766,0.47686,0.47972,0.48253,0.48475,0.47904,0.47554,0.47737,0.47915,0.47799,0.47923,0.49031,0.49126,0.48537,0.48313,0.48193,0.48094,0.47963,0.47821,0.47797,0.47693,0.47802,0.47770,0.48346,0.48743,0.48347,0.49237,0.50322,0.50473,0.49431,0.49244,0.48125,0.47677,0.47770,0.47930,0.47771,0.48085,0.48253,0.48424,0.48087,0.48214,0.48419,0.47943,0.47921,0.48211,0.48019,0.47956,0.47636,0.48132,0.48382,0.48196,0.47961,0.47700,0.47915,0.48575,0.48409,0.48641,0.48570,0.48191,0.48260,0.48070,0.47753,0.47647,0.47697,0.46953,0.46472,0.37140,0.34979,0.36471,0.37036,0.36195,0.34901,0.35585,0.34770,0.34843,0.34473,0.34650,0.33352,0.33167,0.35417,0.47055,0.48331,0.16086
0.22741,0.33858,0.33596,0.33465,0.33350,0.33135,0.33685,0.33691,0.33248,0.33290,0.35756,0.44058,0.44680,0.47394,0.47281,0.47509,0.47553,0.48229,0.49016,0.48338,0.49749,0.49748,0.47926,0.48244,0.50289,0.50391,0.49735,0.49724,0.49939,0.49873,0.49964,0.49806,0.49866,0.49902,0.49846,0.49594,0.49744,0.49826,0.50005,0.50366,0.50896,0.50561,0.49542,0.49356,0.48796,0.48933,0.48371,0.48378,0.48506,0.48145,0.48180,0.48103,0.47892,0.48019,0.48302,0.48185,0.48131,0.48145,0.47990,0.47954,0.47797,0.48023,0.48203,0.47890,0.47817,0.48546,0.48998,0.48887,0.47268,0.48790,0.48942,0.48473,0.50384,0.50129,0.51024,0.51200,0.48960,0.48127,0.48964,0.48694,0.48422,0.47939,0.48256,0.48158,0.48021,0.48067,0.47737,0.48136,0.47906,0.47954,0.47857,0.48269,0.48079,0.48096,0.48079,0.48052,0.48244,0.48165,0.48386,0.48544,0.48056,0.48225,0.48156,0.48316,0.48052,0.47853,0.47755,0.47979,0.47899,0.48127,0.48238,0.48205,0.49027,0.50396,0.49403,0.49068,0.48872,0.48692,0.48043,0.47764,0.47768,0.47799,0.47959,0.47899,0.48278,0.48141,0.48214,0.48304,0.47917,0.47910,0.47810,0.48180,0.48087,0.47903,0.48316,0.48544,0.48574,0.48003,0.47686,0.47930,0.48439,0.48014,0.48316,0.48404,0.47941,0.47932,0.47740,0.47704,0.47575,0.47815,0.47407,0.46523,0.39006,0.35883,0.37038,0.37118,0.35853,0.34653,0.34475,0.35731,0.34619,0.34070,0.34409,0.34783,0.33827,0.38314,0.48110,0.48025,0.26836
0.24852,0.33246,0.33385,0.33419,0.33287,0.33352,0.33354,0.34125,0.33594,0.33452,0.36734,0.44100,0.45060,0.47715,0.47577,0.47672,0.47651,0.48242,0.49428,0.49024,0.49832,0.50353,0.49037,0.48328,0.48385,0.50253,0.50347,0.49769,0.49712,0.49826,0.49960,0.49937,0.49914,0.49948,0.49963,0.50049,0.49919,0.49949,0.49955,0.50648,0.50420,0.49889,0.49390,0.49083,0.48329,0.48202,0.48258,0.48167,0.48193,0.48350,0.48223,0.48176,0.48265,0.48470,0.48280,0.48261,0.48082,0.47933,0.47952,0.48027,0.48193,0.47959,0.47912,0.48012,0.48329,0.49010,0.49027,0.48612,0.47819,0.49722,0.50191,0.48854,0.50422,0.49926,0.49394,0.49055,0.48473,0.48126,0.48093,0.48273,0.48048,0.48105,0.48392,0.48270,0.48340,0.48393,0.47956,0.48068,0.48091,0.47830,0.47964,0.47976,0.48019,0.47862,0.47955,0.48556,0.49672,0.49761,0.48340,0.48156,0.48197,0.48050,0.48121,0.47823,0.47718,0.47566,0.47703,0.47685,0.47557,0.47784,0.48013,0.47853,0.47711,0.48157,0.48339,0.48541,0.48638,0.48153,0.48112,0.47946,0.48039,0.47885,0.47982,0.47897,0.47946,0.47814,0.47877,0.47934,0.47927,0.47911,0.47844,0.48028,0.48261,0.48059,0.48575,0.48577,0.48481,0.48357,0.48068,0.48151,0.48727,0.48101,0.48529,0.48622,0.48776,0.48074,0.47949,0.47736,0.47584,0.47605,0.47762,0.46293,0.41721,0.35885,0.36900,0.36535,0.35353,0.34531,0.34098,0.34737,0.34889,0.34712,0.34208,0.35211,0.33711,0.40362,0.47654,0.47635,0.32084
0.25007,0.33228,0.33133,0.33104,0.33273,0.33361,0.33479,0.33488,0.34001,0.33523,0.37109,0.43949,0.45604,0.47624,0.47451,0.47595,0.47890,0.48550,0.49181,0.48594,0.49410,0.50181,0.49811,0.48524,0.48435,0.48666,0.49986,0.50371,0.49963,0.50061,0.50333,0.50079,0.49924,0.49835,0.49780,0.50006,0.49941,0.50067,0.50257,0.49926,0.49571,0.49784,0.49733,0.48732,0.48553,0.48475,0.48296,0.48171,0.48296,0.48342,0.48661,0.48661,0.48479,0.48223,0.48718,0.48832,0.48758,0.48521,0.48313,0.47937,0.47928,0.47793,0.47498,0.47815,0.48231,0.49268,0.50395,0.50535,0.49379,0.49146,0.50070,0.49091,0.48491,0.48260,0.48278,0.48380,0.48236,0.48090,0.47842,0.47875,0.47999,0.48172,0.48311,0.48661,0.49124,0.48548,0.48331,0.48708,0.48041,0.47626,0.47828,0.48220,0.47711,0.48069,0.48056,0.48491,0.49148,0.50406,0.49042,0.47748,0.48623,0.48244,0.47779,0.47784,0.47760,0.47722,0.47779,0.47906,0.47784,0.47861,0.48459,0.48311,0.47706,0.47691,0.48007,0.48361,0.48546,0.48590,0.48242,0.48041,0.47839,0.47890,0.47921,0.47766,0.47846,0.47797,0.48096,0.47657,0.47791,0.47852,0.47598,0.47941,0.48440,0.48466,0.48967,0.48847,0.48482,0.48059,0.47908,0.48298,0.48552,0.48118,0.48331,0.48399,0.48404,0.48098,0.47797,0.47919,0.47786,0.47689,0.47864,0.47091,0.43704,0.35783,0.36030,0.35875,0.35477,0.34783,0.34378,0.34910,0.34921,0.34717,0.34712,0.35134,0.34522,0.42645,0.48047,0.48136,0.33067
0.24907,0.33224,0.33175,0.33242,0.33319,0.33404,0.33375,0.33383,0.33909,0.34454,0.38179,0.43969,0.46627,0.48025,0.47573,0.47551,0.47653,0.48541,0.48922,0.48690,0.49170,0.50067,0.50132,0.48718,0.48276,0.48353,0.48442,0.49986,0.50225,0.49897,0.50256,0.50273,0.50211,0.50360,0.50198,0.50278,0.50345,0.50723,0.50124,0.49505,0.49367,0.49682,0.49573,0.48191,0.48947,0.48196,0.47779,0.47892,0.47970,0.48172,0.48315,0.48136,0.48147,0.48621,0.48774,0.48462,0.48307,0.48236,0.47684,0.47766,0.47744,0.47897,0.47892,0.47719,0.47833,0.48541,0.49768,0.50336,0.49270,0.48599,0.48736,0.48563,0.48344,0.48473,0.48544,0.48256,0.47915,0.47636,0.47602,0.47750,0.47602,0.47813,0.48501,0.49919,0.50829,0.48847,0.48209,0.49011,0.48614,0.47946,0.47915,0.47904,0.48039,0.47954,0.48069,0.47879,0.47235,0.47729,0.48344,0.47680,0.47844,0.48081,0.47908,0.47822,0.47737,0.47793,0.47606,0.47646,0.48131,0.48916,0.48767,0.48612,0.48750,0.48154,0.47957,0.48465,0.48898,0.48426,0.48302,0.48280,0.48118,0.47987,0.47919,0.47762,0.48045,0.47875,0.48167,0.48172,0.47824,0.47884,0.47797,0.48284,0.48455,0.48409,0.49024,0.48769,0.48074,0.48025,0.48180,0.48548,0.48878,0.48561,0.48271,0.48637,0.48408,0.47954,0.48096,0.47757,0.47540,0.47518,0.47835,0.47440,0.44073,0.35956,0.35360,0.35131,0.34679,0.34571,0.33742,0.34327,0.34376,0.34360,0.34589,0.34939,0.34522,0.43910,0.48100,0.48393,0.33891
0.33415,0.33445,0.33434,0.33355,0.33412,0.33472,0.33525,0.33430,0.33871,0.33829,0.39068,0.43994,0.46745,0.47724,0.47740,0.48089,0.48007,0.48761,0.49022,0.49016,0.48858,0.49855,0.50196,0.49680,0.48513,0.48588,0.48253,0.48420,0.49906,0.50063,0.50123,0.49975,0.50074,0.50181,0.50353,0.50396,0.50285,0.49919,0.49721,0.49658,0.50207,0.50273,0.48630,0.48630,0.49303,0.48182,0.47553,0.47970,0.47839,0.48149,0.48311,0.48572,0.48896,0.48882,0.48378,0.48599,0.48544,0.47977,0.47611,0.47624,0.47782,0.47810,0.47695,0.47633,0.47387,0.47704,0.47906,0.48524,0.48934,0.48471,0.48107,0.47976,0.47859,0.48402,0.48588,0.48265,0.48136,0.47884,0.47999,0.48048,0.48366,0.51186,0.52292,0.50889,0.52034,0.50612,0.47892,0.48220,0.48271,0.48054,0.47894,0.47879,0.47886,0.47748,0.47821,0.47812,0.48038,0.48183,0.48539,0.49038,0.48734,0.47822,0.47762,0.47750,0.47667,0.47569,0.47677,0.47921,0.48703,0.48918,0.48792,0.48657,0.48333,0.48032,0.48140,0.48355,0.48758,0.48592,0.48346,0.48098,0.47963,0.48016,0.47983,0.48061,0.47941,0.47660,0.47943,0.47965,0.47824,0.47806,0.47372,0.47981,0.48419,0.48470,0.49171,0.48444,0.48034,0.47852,0.47981,0.48289,0.48661,0.48929,0.48772,0.48976,0.48805,0.48120,0.48050,0.48047,0.47948,0.47883,0.47852,0.47850,0.43445,0.35972,0.34892,0.35122,0.34719,0.34633,0.34821,0.35138,0.35129,0.35105,0.34932,0.35082,0.35047,0.45680,0.48092,0.48553,0.50584
0.33154,0.33107,0.33182,0.33105,0.33058,0.33240,0.33399,0.33415,0.34152,0.33601,0.39677,0.43952,0.47447,0.47826,0.47684,0.47755,0.48074,0.48803,0.49215,0.49299,0.48743,0.49253,0.49955,0.50258,0.48991,0.48162,0.48546,0.48471,0.48535,0.50196,0.50914,0.50686,0.50176,0.50172,0.50150,0.49879,0.49809,0.49527,0.49676,0.49954,0.49565,0.48743,0.48823,0.49009,0.48883,0.49346,0.48918,0.48736,0.48955,0.48951,0.49075,0.49270,0.49007,0.48940,0.48995,0.48535,0.48307,0.47988,0.47394,0.47250,0.47693,0.47483,0.47407,0.47575,0.47589,0.47434,0.47921,0.48256,0.48413,0.48203,0.48074,0.47859,0.47866,0.47824,0.48078,0.47627,0.47888,0.47724,0.47810,0.48298,0.52185,0.53909,0.53184,0.51990,0.52188,0.51913,0.50785,0.47963,0.48329,0.48347,0.48151,0.47903,0.47859,0.47879,0.47678,0.47664,0.47496,0.47899,0.48446,0.49217,0.48955,0.47830,0.47899,0.47915,0.47921,0.48059,0.47835,0.48960,0.49644,0.49018,0.48641,0.48670,0.48867,0.48236,0.47976,0.48409,0.48561,0.48045,0.48094,0.48089,0.47899,0.48083,0.47804,0.47571,0.47904,0.47937,0.48162,0.47904,0.48076,0.48065,0.47817,0.48391,0.48663,0.48725,0.48759,0.48537,0.48165,0.47879,0.48167,0.48495,0.48785,0.48231,0.48433,0.48145,0.48482,0.48076,0.47910,0.47919,0.47797,0.47748,0.47640,0.48087,0.45651,0.35641,0.35348,0.35051,0.34715,0.34150,0.33691,0.34389,0.34936,0.34810,0.35021,0.34845,0.35875,0.47303,0.48229,0.49760,0.50748
0.33299,0.33286,0.33333,0.33441,0.33481,0.33364,0.33260,0.33357,0.34230,0.33556,0.40144,0.43918,0.47500,0.47345,0.47482,0.47454,0.47850,0.48723,0.49009,0.49046,0.47966,0.48182,0.49239,0.50183,0.49895,0.48322,0.48358,0.48172,0.48061,0.48152,0.49839,0.50752,0.50282,0.49917,0.49797,0.49799,0.49879,0.50125,0.49802,0.48962,0.48526,0.48123,0.47966,0.48092,0.48278,0.48893,0.49199,0.49461,0.49458,0.49414,0.49097,0.48789,0.48723,0.49261,0.49755,0.50411,0.49822,0.48349,0.46721,0.47163,0.47461,0.47421,0.47385,0.47414,0.47753,0.47861,0.48196,0.48552,0.48634,0.48369,0.48291,0.48244,0.48258,0.47983,0.48050,0.48118,0.48035,0.48094,0.48131,0.49746,0.53652,0.52506,0.52455,0.52338,0.52152,0.52245,0.51516,0.49075,0.48138,0.49195,0.48719,0.48362,0.48187,0.48160,0.48247,0.48253,0.48194,0.49139,0.49283,0.47799,0.48070,0.47990,0.47877,0.48008,0.47737,0.47688,0.48302,0.49813,0.50061,0.49669,0.49634,0.49452,0.49319,0.48818,0.48260,0.48172,0.47873,0.48028,0.48180,0.48162,0.48265,0.48016,0.48276,0.48320,0.48156,0.48209,0.48152,0.47853,0.48187,0.47571,0.47461,0.48275,0.48519,0.49128,0.49274,0.49002,0.48347,0.48072,0.48326,0.48739,0.49117,0.48293,0.48869,0.48532,0.48515,0.48125,0.47812,0.47698,0.47728,0.47737,0.47722,0.47801,0.47575,0.37218,0.34278,0.34241,0.34217,0.34032,0.34163,0.34316,0.34848,0.35111,0.35071,0.34675,0.38403,0.48253,0.48767,0.50298,0.50994
0.33101,0.33337,0.33393,0.33288,0.33240,0.33355,0.33472,0.33512,0.34044,0.34134,0.41358,0.44774,0.48198,0.47892,0.48027,0.48129,0.48134,0.49162,0.48929,0.49027,0.48426,0.48227,0.48353,0.49326,0.50025,0.48789,0.48187,0.48005,0.47855,0.48048,0.48178,0.49421,0.50114,0.50172,0.50107,0.49935,0.49574,0.48969,0.48737,0.48358,0.48174,0.48413,0.48626,0.48546,0.48889,0.49026,0.49423,0.49775,0.49981,0.50030,0.50451,0.50998,0.50978,0.51414,0.51848,0.52181,0.52495,0.51769,0.47945,0.47013,0.48165,0.47667,0.47644,0.47640,0.47560,0.47759,0.48079,0.48209,0.48911,0.48564,0.48922,0.49500,0.49399,0.48517,0.47704,0.48123,0.48035,0.48247,0.48364,0.50147,0.51778,0.52190,0.52298,0.52085,0.52156,0.52116,0.51982,0.50083,0.48059,0.48138,0.48524,0.48440,0.48123,0.47945,0.47868,0.48094,0.48007,0.48163,0.48874,0.48712,0.48070,0.47864,0.48054,0.48222,0.47910,0.47941,0.48816,0.50037,0.50630,0.51210,0.51616,0.51789,0.50912,0.50699,0.49680,0.48920,0.48340,0.48258,0.48284,0.48459,0.48306,0.47977,0.47751,0.47910,0.48147,0.47981,0.48061,0.47832,0.47963,0.47873,0.47810,0.48625,0.48712,0.49326,0.48663,0.48501,0.48165,0.47899,0.47735,0.48553,0.48969,0.48251,0.48728,0.48986,0.48845,0.48918,0.48322,0.48344,0.47981,0.47830,0.47647,0.47646,0.47881,0.39736,0.33665,0.33842,0.34157,0.33820,0.34004,0.34569,0.34454,0.34442,0.34544,0.34804,0.40937,0.48193,0.49150,0.50717,0.50987
0.33284,0.33136,0.33047,0.33257,0.33332,0.33266,0.33322,0.33187,0.33465,0.34214,0.41356,0.44552,0.47821,0.47491,0.47268,0.47523,0.47877,0.49148,0.49224,0.49645,0.48495,0.48074,0.48120,0.49212,0.49808,0.49396,0.48258,0.48222,0.48021,0.48138,0.48067,0.48254,0.48307,0.48543,0.48455,0.48262,0.48038,0.48007,0.48231,0.48284,0.48512,0.48413,0.48420,0.48528,0.49317,0.50059,0.50218,0.50076,0.50489,0.51549,0.51884,0.51129,0.51097,0.51638,0.51777,0.51791,0.52409,0.52342,0.49578,0.47352,0.48273,0.47777,0.47682,0.47635,0.47691,0.48193,0.49146,0.49348,0.49948,0.50694,0.51080,0.51292,0.50739,0.48528,0.47919,0.48876,0.48804,0.48021,0.48245,0.49613,0.50393,0.51895,0.52179,0.52086,0.52152,0.52176,0.51944,0.50424,0.48477,0.48039,0.48116,0.48234,0.48254,0.47945,0.48123,0.47988,0.47972,0.47806,0.47956,0.47999,0.47959,0.48078,0.48298,0.48280,0.48300,0.48439,0.49250,0.50778,0.51481,0.51997,0.51970,0.51749,0.51445,0.51676,0.51385,0.50458,0.49162,0.48112,0.48162,0.48386,0.48683,0.48171,0.48043,0.47899,0.47970,0.47677,0.47764,0.47677,0.47678,0.47808,0.47733,0.48242,0.48635,0.49556,0.48812,0.48971,0.48557,0.47899,0.47919,0.48141,0.48814,0.48942,0.47968,0.48502,0.48254,0.48442,0.48131,0.47992,0.47881,0.47892,0.47997,0.47861,0.47983,0.42856,0.33769,0.33539,0.33592,0.33616,0.33869,0.34044,0.35129,0.34073,0.34810,0.34848,0.41703,0.47706,0.49055,0.50373,0.50675
0.33372,0.33279,0.33295,0.33162,0.33151,0.33122,0.33277,0.33527,0.33999,0.34265,0.42450,0.45546,0.47839,0.47626,0.47771,0.47841,0.48050,0.49026,0.49093,0.49675,0.48482,0.48090,0.47801,0.48725,0.49512,0.49793,0.48222,0.48145,0.47770,0.47954,0.47770,0.47819,0.47832,0.47868,0.47757,0.47616,0.47775,0.47684,0.47803,0.47647,0.47945,0.47970,0.48258,0.49120,0.50717,0.50458,0.50333,0.51262,0.52223,0.51939,0.50807,0.50812,0.50546,0.50869,0.50860,0.51698,0.52196,0.51849,0.49622,0.48145,0.48295,0.47567,0.47653,0.47740,0.47877,0.48867,0.49449,0.50236,0.51463,0.51574,0.51713,0.51162,0.49879,0.48225,0.48708,0.49006,0.48224,0.48355,0.48251,0.48663,0.51153,0.51235,0.51990,0.52199,0.52207,0.51864,0.51144,0.49295,0.48178,0.48032,0.48059,0.48141,0.48236,0.48058,0.47839,0.47930,0.47886,0.48001,0.48023,0.48218,0.48331,0.48486,0.48820,0.48300,0.47935,0.48098,0.49266,0.51098,0.51724,0.51968,0.51576,0.51512,0.51809,0.52017,0.51900,0.51650,0.50787,0.48902,0.48094,0.47906,0.48326,0.48065,0.47795,0.47864,0.47657,0.47620,0.47748,0.47593,0.47813,0.47790,0.47660,0.48442,0.48369,0.49671,0.49120,0.49153,0.48712,0.48140,0.47894,0.48090,0.48448,0.48577,0.48347,0.48311,0.48743,0.48378,0.48096,0.47959,0.47892,0.47688,0.47580,0.47664,0.48132,0.45395,0.34671,0.33909,0.33738,0.34225,0.34438,0.35083,0.34804,0.33691,0.34247,0.34343,0.42620,0.48014,0.49726,0.50818,0.51388
0.33467,0.33512,0.33558,0.33561,0.33614,0.33594,0.33290,0.33414,0.33893,0.34252,0.43199,0.46453,0.47764,0.47545,0.47719,0.47846,0.47976,0.48838,0.48716,0.49197,0.48300,0.48275,0.47954,0.48316,0.49370,0.50147,0.48666,0.48048,0.47720,0.47868,0.48023,0.47994,0.47782,0.47569,0.47642,0.47957,0.47626,0.47720,0.48046,0.48072,0.47904,0.48132,0.48798,0.50119,0.50267,0.50291,0.51344,0.51933,0.52125,0.51122,0.50318,0.50506,0.50145,0.50236,0.50488,0.51605,0.51928,0.51569,0.49671,0.48377,0.48521,0.48869,0.48213,0.47837,0.48136,0.48847,0.49128,0.51272,0.51503,0.51596,0.51634,0.50311,0.48466,0.49319,0.49004,0.48357,0.48048,0.48265,0.48338,0.48497,0.50602,0.53033,0.50528,0.52106,0.51439,0.51089,0.49990,0.48464,0.48030,0.48194,0.47835,0.47990,0.48223,0.48174,0.48140,0.48138,0.47822,0.47910,0.47932,0.47886,0.47945,0.48141,0.48621,0.48397,0.47961,0.47850,0.48672,0.51124,0.51886,0.51594,0.51390,0.51756,0.51939,0.51760,0.52183,0.52055,0.51560,0.50003,0.48284,0.47941,0.47764,0.48021,0.47826,0.47873,0.47755,0.47591,0.47607,0.47403,0.47584,0.47600,0.47534,0.48311,0.48867,0.49465,0.48834,0.49274,0.49000,0.48346,0.48874,0.48995,0.48694,0.48584,0.48508,0.48608,0.48719,0.48200,0.47932,0.47873,0.47666,0.47928,0.48178,0.47932,0.48076,0.46898,0.34848,0.33767,0.34227,0.34817,0.33957,0.34881,0.34617,0.34234,0.34792,0.34631,0.43367,0.48258,0.49514,0.50750,0.51204
0.33134,0.33131,0.33104,0.33118,0.33200,0.33379,0.33559,0.33929,0.34092,0.34465,0.43688,0.46978,0.47691,0.47507,0.47708,0.47768,0.48309,0.49288,0.49343,0.49343,0.48734,0.48342,0.48110,0.48623,0.48880,0.49886,0.49361,0.48470,0.47848,0.47812,0.48103,0.48152,0.48440,0.48329,0.48318,0.48355,0.48340,0.48347,0.48019,0.47770,0.48129,0.47985,0.49490,0.50519,0.50526,0.51335,0.51957,0.52364,0.51849,0.50887,0.50101,0.50349,0.50985,0.50453,0.50010,0.50889,0.51693,0.51527,0.49964,0.48470,0.47864,0.48067,0.48535,0.48167,0.48234,0.47824,0.49923,0.51366,0.51272,0.51366,0.50863,0.49024,0.48409,0.48676,0.48615,0.47963,0.47970,0.47987,0.48005,0.47945,0.48081,0.50448,0.50912,0.50499,0.49861,0.49184,0.48646,0.48428,0.48619,0.49168,0.48594,0.48116,0.48200,0.48278,0.48973,0.49111,0.48285,0.47826,0.47675,0.47695,0.47673,0.48435,0.48896,0.48479,0.48143,0.48092,0.48597,0.50480,0.51735,0.52035,0.52198,0.51860,0.51893,0.51915,0.52059,0.51884,0.51255,0.50998,0.49503,0.48298,0.47850,0.48076,0.47640,0.47693,0.47564,0.47565,0.47762,0.47810,0.48138,0.47965,0.48074,0.48484,0.48980,0.49387,0.48406,0.49100,0.49323,0.48787,0.48240,0.48475,0.48774,0.48809,0.48459,0.48495,0.48473,0.48244,0.48065,0.48220,0.48103,0.48028,0.47853,0.47633,0.47914,0.48082,0.37282,0.33844,0.34518,0.33966,0.35280,0.35754,0.35149,0.35488,0.34602,0.34814,0.42926,0.48316,0.49410,0.50901,0.51596
0.33563,0.33496,0.33373,0.33468,0.33559,0.33439,0.33459,0.34032,0.34221,0.35443,0.44337,0.47657,0.47558,0.47647,0.47636,0.47706,0.48056,0.48893,0.49233,0.49221,0.48714,0.47881,0.47762,0.48143,0.48889,0.49587,0.49151,0.48056,0.47810,0.48038,0.48355,0.48956,0.49383,0.49073,0.48696,0.48349,0.48118,0.48162,0.47942,0.48063,0.48154,0.48193,0.50285,0.50342,0.50398,0.51592,0.51778,0.51886,0.51529,0.51222,0.50025,0.50211,0.50998,0.49910,0.49915,0.50896,0.52112,0.51416,0.49819,0.48515,0.48103,0.47899,0.47822,0.47842,0.47903,0.48373,0.50001,0.51199,0.51273,0.51109,0.49503,0.47977,0.48273,0.48626,0.48397,0.48548,0.48739,0.48375,0.48346,0.47939,0.48070,0.48067,0.48435,0.49974,0.49042,0.48214,0.48160,0.48014,0.48349,0.49556,0.48645,0.48222,0.48364,0.47999,0.48548,0.49119,0.47904,0.47801,0.48271,0.48349,0.48333,0.48380,0.48739,0.49002,0.48311,0.47873,0.47934,0.49780,0.51939,0.52039,0.51950,0.52028,0.52068,0.52077,0.52369,0.51771,0.51228,0.51452,0.50099,0.48909,0.47591,0.47678,0.47901,0.48063,0.47835,0.47801,0.47708,0.47735,0.47777,0.47425,0.47859,0.48244,0.49669,0.49952,0.49844,0.49618,0.49024,0.49261,0.48550,0.48238,0.48528,0.48872,0.48415,0.48460,0.48885,0.48295,0.48322,0.48185,0.48039,0.47996,0.48039,0.47914,0.47762,0.47972,0.38996,0.33990,0.35067,0.34496,0.35160,0.34197,0.35659,0.38042,0.35322,0.33980,0.41787,0.48061,0.49106,0.51111,0.51554
0.33272,0.33439,0.33490,0.33457,0.33465,0.33483,0.33556,0.34011,0.34126,0.36139,0.45000,0.47801,0.47467,0.47513,0.47841,0.48010,0.48462,0.48703,0.49007,0.49492,0.48956,0.48502,0.48198,0.48532,0.49122,0.49543,0.49551,0.48172,0.47626,0.47729,0.48397,0.48566,0.48112,0.48346,0.48050,0.48019,0.47959,0.48103,0.48134,0.48608,0.48194,0.49500,0.50982,0.50860,0.52065,0.52650,0.52292,0.51809,0.50834,0.50814,0.50705,0.49826,0.49624,0.49534,0.49494,0.50045,0.51097,0.51137,0.50546,0.48306,0.47773,0.48118,0.48260,0.48342,0.48240,0.48313,0.48936,0.49476,0.49636,0.50006,0.49053,0.48716,0.48391,0.48209,0.48289,0.48318,0.48616,0.49897,0.50675,0.49702,0.48424,0.47961,0.48081,0.48502,0.50014,0.48900,0.48397,0.48105,0.48382,0.48457,0.48481,0.48612,0.48364,0.48298,0.48005,0.48347,0.48253,0.47925,0.47921,0.47781,0.47965,0.48098,0.47946,0.48194,0.47930,0.47923,0.47746,0.48059,0.50349,0.51658,0.52187,0.52210,0.52278,0.51851,0.51838,0.51613,0.51228,0.51157,0.50652,0.49390,0.47886,0.47514,0.47409,0.47655,0.47505,0.47653,0.47635,0.47915,0.47970,0.47788,0.48007,0.48185,0.49181,0.49614,0.49518,0.49177,0.48384,0.48634,0.48776,0.48342,0.48112,0.48916,0.48574,0.48448,0.48617,0.48218,0.47853,0.48018,0.47987,0.47565,0.47518,0.47616,0.47863,0.48514,0.41794,0.34367,0.34099,0.33962,0.35282,0.34588,0.34520,0.37335,0.37847,0.34832,0.40622,0.48191,0.48437,0.50347,0.34123
0.30439,0.33202,0.33248,0.33275,0.33260,0.33417,0.33488,0.33727,0.34506,0.37122,0.45744,0.47755,0.47717,0.47686,0.47906,0.48034,0.48462,0.48860,0.48455,0.48852,0.48841,0.48723,0.48196,0.48677,0.49385,0.49696,0.49768,0.48337,0.47693,0.47688,0.48249,0.48493,0.48182,0.48337,0.48327,0.47897,0.47642,0.47861,0.47904,0.48306,0.48752,0.51078,0.51146,0.51596,0.52635,0.52030,0.51829,0.51997,0.51488,0.51636,0.51448,0.50265,0.49483,0.49921,0.49975,0.50059,0.50849,0.50808,0.51106,0.48741,0.48109,0.47925,0.47977,0.48034,0.48163,0.48287,0.47921,0.48030,0.48216,0.49403,0.48473,0.48098,0.48342,0.49210,0.49749,0.49512,0.49725,0.50688,0.51873,0.53525,0.51219,0.49425,0.49051,0.48747,0.49139,0.49159,0.48646,0.48293,0.48493,0.48302,0.48389,0.49108,0.48978,0.48344,0.48245,0.47954,0.48116,0.47797,0.47972,0.48023,0.48120,0.48079,0.48121,0.48069,0.48056,0.47828,0.47903,0.47801,0.48506,0.51086,0.52272,0.52183,0.52112,0.52039,0.52178,0.51552,0.50901,0.50619,0.50621,0.49531,0.47467,0.47496,0.47549,0.47606,0.47396,0.47602,0.47635,0.47972,0.47839,0.47802,0.47997,0.48610,0.49788,0.49813,0.49758,0.50105,0.49071,0.48533,0.49146,0.49480,0.48794,0.49033,0.49507,0.49080,0.48169,0.48116,0.47866,0.48052,0.47956,0.48249,0.48223,0.48147,0.47968,0.48380,0.43090,0.34347,0.34854,0.36082,0.36048,0.34779,0.34828,0.35085,0.37621,0.36155,0.38640,0.48506,0.48756,0.50575,0.34436
0.25104,0.33410,0.33308,0.33412,0.33437,0.33383,0.33457,0.33692,0.34664,0.38379,0.46690,0.47832,0.47449,0.47509,0.47644,0.47784,0.48324,0.48874,0.48415,0.48533,0.48619,0.48076,0.47894,0.48564,0.49543,0.49600,0.49593,0.48167,0.47540,0.47540,0.48048,0.48163,0.47906,0.47711,0.47735,0.48027,0.47724,0.47669,0.47826,0.47786,0.48508,0.50963,0.51033,0.51879,0.52247,0.52187,0.52101,0.52023,0.51601,0.51913,0.51662,0.49924,0.49151,0.49895,0.49917,0.50103,0.50763,0.50427,0.50991,0.49044,0.47731,0.47904,0.47793,0.47868,0.48023,0.48216,0.48118,0.48304,0.48446,0.49782,0.48763,0.48758,0.48745,0.49102,0.48920,0.49401,0.50576,0.51567,0.58861,0.60118,0.57922,0.53485,0.51782,0.50477,0.49374,0.48931,0.48236,0.48661,0.48287,0.48736,0.48539,0.49350,0.50065,0.49565,0.48878,0.48681,0.48512,0.48101,0.48003,0.47965,0.47914,0.47992,0.47844,0.47932,0.47868,0.48163,0.48114,0.47981,0.47759,0.48754,0.50752,0.51698,0.51822,0.51724,0.51439,0.51076,0.50475,0.50568,0.50657,0.49494,0.47412,0.47636,0.47664,0.47899,0.47826,0.47852,0.47615,0.47471,0.47553,0.47602,0.47739,0.48519,0.49871,0.50092,0.49766,0.49629,0.49053,0.49013,0.48298,0.48924,0.49427,0.49449,0.48938,0.48767,0.48313,0.48151,0.48326,0.48504,0.48289,0.48048,0.47875,0.47901,0.47704,0.48476,0.44875,0.34573,0.34325,0.35348,0.34648,0.34449,0.35014,0.35479,0.36347,0.36338,0.37132,0.48349,0.48708,0.50001,0.22791
0.25265,0.33620,0.33558,0.33488,0.33519,0.33620,0.33889,0.33928,0.34376,0.39183,0.47011,0.47461,0.47418,0.47525,0.47684,0.47857,0.48306,0.48989,0.49046,0.48544,0.48995,0.48368,0.47985,0.48743,0.49755,0.50065,0.49731,0.48446,0.47966,0.47746,0.48264,0.48324,0.48001,0.47879,0.47658,0.47496,0.47578,0.47616,0.47789,0.47884,0.49452,0.51162,0.51379,0.52303,0.52783,0.52236,0.51890,0.52249,0.52371,0.51857,0.52101,0.50870,0.49952,0.49501,0.50300,0.50998,0.51306,0.50962,0.51233,0.49684,0.48018,0.48129,0.47677,0.47917,0.47965,0.47728,0.47899,0.47779,0.47863,0.49481,0.49224,0.49000,0.48634,0.49463,0.48832,0.49199,0.53380,0.57251,0.55960,0.54701,0.55918,0.54475,0.54919,0.55306,0.53911,0.50101,0.48933,0.48599,0.48572,0.48594,0.48595,0.49831,0.50664,0.50546,0.50462,0.49994,0.49658,0.49461,0.48759,0.48072,0.47866,0.47976,0.47946,0.47999,0.48311,0.48123,0.47956,0.47733,0.47556,0.47923,0.48608,0.50072,0.50582,0.50601,0.50356,0.49989,0.49888,0.49943,0.49751,0.48242,0.47019,0.47387,0.47580,0.47708,0.47735,0.47935,0.48069,0.48189,0.47777,0.47976,0.48120,0.48851,0.49762,0.49624,0.49689,0.49408,0.49399,0.48577,0.48440,0.48619,0.49064,0.49181,0.48685,0.48522,0.48176,0.47910,0.48103,0.47839,0.47706,0.47974,0.47906,0.47976,0.47841,0.48622,0.45710,0.34580,0.34637,0.36206,0.35001,0.34165,0.34177,0.34620,0.34429,0.34491,0.36383,0.47565,0.48628,0.49768,0.17087
0.26092,0.33942,0.33237,0.33147,0.33286,0.33404,0.34301,0.34356,0.34094,0.40376,0.47471,0.47392,0.47356,0.47370,0.47549,0.47830,0.48256,0.48832,0.49075,0.48605,0.48597,0.49080,0.48331,0.48442,0.49593,0.49766,0.49727,0.48464,0.47801,0.47844,0.48499,0.48625,0.48158,0.47806,0.47781,0.47753,0.47728,0.47533,0.47468,0.47830,0.49600,0.50932,0.51233,0.52351,0.52188,0.52158,0.52150,0.52092,0.52052,0.51787,0.51725,0.51273,0.50541,0.49943,0.50756,0.51080,0.51219,0.50666,0.50927,0.49990,0.47983,0.48036,0.48030,0.48240,0.48360,0.48225,0.48316,0.48025,0.48191,0.48767,0.49875,0.49109,0.49399,0.49625,0.50745,0.56276,0.58234,0.54726,0.53696,0.53328,0.54325,0.52790,0.53342,0.54516,0.57342,0.58815,0.50745,0.48976,0.48683,0.48807,0.49687,0.50043,0.50191,0.50276,0.50005,0.49985,0.50085,0.50191,0.50223,0.49830,0.48278,0.47538,0.47748,0.47728,0.47708,0.47697,0.47903,0.48034,0.48236,0.48100,0.47806,0.48231,0.48976,0.49157,0.49332,0.49135,0.49326,0.49549,0.49113,0.47903,0.47587,0.47863,0.47766,0.47720,0.47697,0.47554,0.47491,0.47354,0.47467,0.47389,0.48103,0.49089,0.49664,0.49476,0.49582,0.49099,0.49357,0.49428,0.49230,0.48996,0.49148,0.48674,0.48313,0.48125,0.48079,0.47901,0.47826,0.47981,0.48178,0.48132,0.47976,0.47983,0.48014,0.48715,0.46147,0.34675,0.34588,0.35216,0.33906,0.34015,0.34130,0.34405,0.35114,0.35468,0.36400,0.47609,0.48666,0.49073,0.05591
0.22695,0.35005,0.34039,0.33468,0.33437,0.33793,0.34276,0.34115,0.34104,0.40955,0.47919,0.47523,0.47553,0.47658,0.47784,0.47748,0.47875,0.48431,0.48743,0.48827,0.48566,0.48683,0.48880,0.48404,0.49472,0.50172,0.49622,0.48761,0.48162,0.47952,0.48513,0.48796,0.48229,0.47522,0.47582,0.47573,0.47536,0.47522,0.47797,0.47835,0.49861,0.51363,0.51691,0.52271,0.52347,0.52172,0.51842,0.51720,0.51837,0.51505,0.51109,0.51474,0.51406,0.51527,0.51503,0.51499,0.51020,0.50557,0.50776,0.50211,0.48185,0.47873,0.47640,0.47762,0.47968,0.48194,0.48209,0.48284,0.48140,0.48205,0.49416,0.49992,0.50318,0.56017,0.63480,0.59914,0.54888,0.54252,0.53886,0.52775,0.53649,0.52830,0.53029,0.53401,0.54148,0.58079,0.58252,0.49698,0.48411,0.49472,0.50535,0.50150,0.50271,0.50316,0.50364,0.50522,0.50437,0.50203,0.50537,0.50158,0.49855,0.48612,0.47899,0.48019,0.48103,0.48247,0.48147,0.47915,0.48078,0.48052,0.47870,0.47892,0.47999,0.48309,0.48714,0.48891,0.48749,0.48384,0.48391,0.48289,0.48202,0.47751,0.47673,0.48069,0.48169,0.48109,0.47939,0.47959,0.48145,0.48185,0.48708,0.49372,0.49972,0.49625,0.49418,0.49171,0.49135,0.48825,0.49248,0.49237,0.49339,0.49288,0.48495,0.48063,0.48076,0.48306,0.48395,0.48034,0.47786,0.47917,0.47957,0.48101,0.48021,0.48704,0.46692,0.35319,0.35111,0.35534,0.34735,0.34620,0.34141,0.34112,0.34633,0.34739,0.35251,0.46709,0.48402,0.48677,0.00000
0.16709,0.34376,0.34259,0.33339,0.33373,0.33658,0.34234,0.34369,0.34064,0.41307,0.48316,0.47655,0.47680,0.47826,0.47919,0.47959,0.48090,0.48457,0.48728,0.48732,0.48623,0.48790,0.49215,0.48528,0.48690,0.49780,0.49609,0.48772,0.47657,0.47821,0.48141,0.48351,0.47894,0.47474,0.47403,0.47436,0.47483,0.47564,0.47807,0.47622,0.49414,0.51335,0.51988,0.52526,0.52456,0.52405,0.52294,0.52055,0.51972,0.51868,0.51622,0.51492,0.52023,0.51868,0.52181,0.52260,0.51255,0.50803,0.50500,0.49758,0.47788,0.47729,0.48032,0.47906,0.48464,0.48889,0.48989,0.49357,0.48360,0.47997,0.48145,0.49552,0.53426,0.65934,0.60788,0.57003,0.55016,0.54613,0.54546,0.54363,0.54019,0.53122,0.53175,0.52830,0.53096,0.54500,0.58567,0.54217,0.49439,0.49392,0.49270,0.49696,0.50475,0.50557,0.50134,0.50209,0.50169,0.50262,0.50223,0.50170,0.50499,0.49252,0.48054,0.47892,0.47925,0.48346,0.47996,0.47724,0.48205,0.47908,0.47968,0.48047,0.48120,0.48258,0.48249,0.48586,0.48697,0.48809,0.48738,0.48052,0.47673,0.47817,0.47857,0.47729,0.47735,0.47910,0.47830,0.47766,0.47742,0.47801,0.48707,0.49609,0.50083,0.49478,0.48818,0.49179,0.49811,0.48969,0.48517,0.49175,0.49140,0.48878,0.48504,0.48457,0.48032,0.47735,0.47970,0.48329,0.48298,0.48499,0.48296,0.48322,0.47954,0.48510,0.46971,0.35052,0.34405,0.34901,0.34518,0.34258,0.33913,0.34019,0.34748,0.34941,0.34823,0.44217,0.48442,0.38024,0.00000
0.17287,0.34775,0.33676,0.33574,0.34329,0.34473,0.34606,0.34507,0.33888,0.41568,0.48189,0.47319,0.47259,0.47434,0.47804,0.47868,0.48127,0.48803,0.48809,0.48860,0.48955,0.49009,0.49354,0.49120,0.48358,0.49722,0.50032,0.48903,0.47974,0.47839,0.48125,0.48466,0.48171,0.47768,0.47580,0.47861,0.47719,0.47673,0.47829,0.47538,0.48665,0.50896,0.51567,0.52085,0.51930,0.52300,0.52305,0.52044,0.51855,0.51767,0.51574,0.51667,0.51436,0.51430,0.51979,0.52298,0.50787,0.50242,0.50345,0.49275,0.47910,0.48162,0.48036,0.48120,0.48909,0.49459,0.50296,0.50380,0.49614,0.48375,0.48645,0.50329,0.57718,0.63373,0.58416,0.56159,0.55316,0.54619,0.54628,0.53720,0.53363,0.53393,0.53149,0.52433,0.52701,0.53660,0.55074,0.58210,0.52404,0.49215,0.48794,0.49913,0.50369,0.50369,0.50384,0.50338,0.50176,0.49954,0.50107,0.49990,0.50125,0.49470,0.47739,0.47657,0.48028,0.48470,0.48679,0.48519,0.48807,0.48727,0.48220,0.48123,0.48054,0.48353,0.48245,0.48533,0.48533,0.48302,0.48089,0.48156,0.48078,0.48134,0.48038,0.48054,0.47817,0.47781,0.47664,0.47691,0.47846,0.48163,0.48971,0.50001,0.49892,0.49731,0.48955,0.48628,0.48887,0.49135,0.48579,0.49516,0.49463,0.48681,0.47759,0.47387,0.47733,0.48136,0.48282,0.48120,0.48262,0.47976,0.47923,0.48069,0.48052,0.48380,0.46935,0.35645,0.34205,0.34227,0.34057,0.34493,0.34704,0.34318,0.35233,0.34812,0.34810,0.41083,0.48172,0.27137,0.00000
0.11574,0.34232,0.33862,0.33884,0.34717,0.34232,0.35474,0.34640,0.34079,0.42570,0.48628,0.47666,0.47660,0.47609,0.47875,0.48018,0.47948,0.48254,0.48535,0.48431,0.48584,0.48887,0.48730,0.49075,0.48397,0.48882,0.50486,0.49556,0.48216,0.47895,0.48072,0.48282,0.47852,0.47476,0.47584,0.47646,0.47842,0.47720,0.47715,0.47976,0.48462,0.50304,0.51425,0.52152,0.52298,0.52331,0.52094,0.52094,0.51875,0.51437,0.51904,0.51715,0.51727,0.52123,0.52292,0.51941,0.50699,0.50396,0.50001,0.48584,0.47525,0.47480,0.47636,0.48324,0.49580,0.50046,0.50358,0.50387,0.50378,0.49521,0.48710,0.49933,0.58817,0.59891,0.56301,0.54336,0.54403,0.54715,0.55218,0.54704,0.54230,0.53886,0.53304,0.53589,0.53501,0.54256,0.54006,0.56312,0.57719,0.50546,0.48820,0.50083,0.50550,0.50925,0.50681,0.50652,0.50644,0.50396,0.50480,0.50561,0.50273,0.49955,0.48178,0.48021,0.48098,0.48090,0.48894,0.48318,0.48575,0.48289,0.48253,0.48253,0.48256,0.48061,0.48116,0.48243,0.48158,0.48337,0.48337,0.48023,0.47983,0.48079,0.48021,0.47966,0.48048,0.47970,0.47584,0.47835,0.48094,0.48539,0.49352,0.50056,0.49434,0.49695,0.49361,0.49764,0.49275,0.49354,0.49505,0.48634,0.48214,0.47808,0.48121,0.48619,0.48460,0.48189,0.48191,0.48174,0.48070,0.48216,0.48227,0.47994,0.47799,0.48340,0.47536,0.35685,0.34150,0.34651,0.34285,0.34524,0.34239,0.34347,0.34925,0.34436,0.34897,0.37583,0.47728,0.16321,0.00000
0.08477,0.34186,0.34356,0.33975,0.34356,0.33716,0.35526,0.34279,0.33867,0.42490,0.48079,0.47347,0.47401,0.47554,0.47821,0.47835,0.48118,0.48811,0.48951,0.48770,0.48787,0.49190,0.49148,0.49232,0.48512,0.48240,0.50065,0.50657,0.48776,0.47908,0.47795,0.47983,0.48129,0.47872,0.47863,0.47884,0.47923,0.47950,0.47691,0.47551,0.47686,0.48951,0.50396,0.51182,0.51660,0.51866,0.52263,0.51948,0.51563,0.51549,0.51355,0.51514,0.51447,0.51866,0.51758,0.50491,0.50263,0.50238,0.49565,0.48429,0.47881,0.47948,0.48083,0.48661,0.50391,0.50420,0.50457,0.50794,0.50726,0.49990,0.49109,0.50471,0.54301,0.57632,0.55720,0.54914,0.54460,0.55215,0.54640,0.55113,0.55156,0.54294,0.53691,0.53477,0.53492,0.54095,0.54620,0.55957,0.59634,0.52785,0.49379,0.49487,0.50260,0.50262,0.50165,0.50336,0.50254,0.50486,0.50688,0.50799,0.50723,0.50231,0.48269,0.47859,0.47881,0.48149,0.48612,0.48355,0.48048,0.48074,0.48149,0.48167,0.48003,0.47877,0.47901,0.48322,0.48504,0.48223,0.48096,0.48143,0.47945,0.47872,0.47901,0.47992,0.47977,0.48069,0.48132,0.48019,0.48473,0.49080,0.49487,0.50107,0.49616,0.49332,0.48940,0.49350,0.49870,0.49653,0.49388,0.48905,0.49029,0.48865,0.48451,0.47928,0.47872,0.47972,0.48306,0.48152,0.48349,0.48320,0.48209,0.48098,0.47649,0.48303,0.47985,0.36055,0.34015,0.34547,0.34500,0.34504,0.35091,0.34775,0.35060,0.34885,0.34701,0.34921,0.42673,0.05363,0.00000
0.05803,0.34613,0.34307,0.34887,0.34865,0.34376,0.35198,0.34781,0.34106,0.43300,0.48342,0.47545,0.47564,0.47489,0.47890,0.47914,0.48007,0.48205,0.48504,0.48346,0.48351,0.49075,0.49024,0.49130,0.48688,0.48027,0.48880,0.50770,0.49669,0.48096,0.47956,0.47642,0.47421,0.47465,0.47327,0.47463,0.47682,0.47750,0.47797,0.48092,0.48023,0.48218,0.49286,0.50493,0.51543,0.51953,0.52092,0.51835,0.51787,0.51837,0.51828,0.51747,0.51682,0.51653,0.50637,0.50019,0.49864,0.49314,0.48756,0.48358,0.48185,0.47925,0.48043,0.49483,0.50628,0.50508,0.50513,0.50768,0.50799,0.50765,0.48944,0.50458,0.56972,0.55364,0.56030,0.55029,0.53779,0.54620,0.54595,0.55080,0.54409,0.54591,0.55284,0.54735,0.53590,0.54217,0.54710,0.57041,0.58793,0.54764,0.49192,0.49208,0.50644,0.50396,0.50340,0.50262,0.50108,0.50349,0.50449,0.50539,0.50404,0.50469,0.48378,0.48256,0.48098,0.47996,0.48501,0.48012,0.48065,0.48054,0.48180,0.48245,0.48050,0.48140,0.48027,0.48143,0.48185,0.48368,0.48295,0.48162,0.48236,0.48389,0.48162,0.48205,0.47626,0.47759,0.47791,0.48222,0.48679,0.49390,0.49924,0.50274,0.49746,0.48756,0.48956,0.48980,0.49604,0.49425,0.49168,0.48874,0.48440,0.48016,0.47615,0.47686,0.47821,0.48021,0.48253,0.48076,0.47731,0.47815,0.47791,0.47988,0.48223,0.48653,0.48468,0.36367,0.33915,0.34254,0.34985,0.34382,0.33928,0.34389,0.34553,0.34728,0.35453,0.35623,0.33805,0.00000,0.00000
0.00000,0.33689,0.33454,0.33835,0.35453,0.34637,0.34659,0.35340,0.34462,0.43128,0.48508,0.47527,0.47786,0.47837,0.47972,0.48041,0.48253,0.48386,0.48264,0.48313,0.48216,0.48577,0.48759,0.48953,0.48739,0.48129,0.48267,0.49753,0.50287,0.48486,0.47795,0.47666,0.47715,0.47775,0.47642,0.47739,0.47777,0.47564,0.48039,0.48291,0.47826,0.48001,0.48233,0.48940,0.50092,0.51159,0.51913,0.51910,0.51813,0.51795,0.51811,0.51631,0.51073,0.50090,0.49609,0.49367,0.49255,0.49080,0.49208,0.48614,0.48353,0.48225,0.48471,0.49775,0.50604,0.50626,0.50269,0.50446,0.50404,0.50426,0.49159,0.50402,0.57233,0.55669,0.54471,0.55388,0.55800,0.55342,0.54358,0.53133,0.53290,0.53603,0.54925,0.56161,0.56248,0.57027,0.56917,0.55997,0.57672,0.57526,0.48448,0.48798,0.50708,0.50409,0.50407,0.50005,0.50309,0.50437,0.50460,0.50366,0.50180,0.50369,0.48501,0.48003,0.48107,0.48209,0.48189,0.48134,0.48245,0.47912,0.47762,0.47883,0.48036,0.47897,0.48061,0.48188,0.48085,0.48008,0.48182,0.48306,0.48121,0.47844,0.47766,0.48096,0.47992,0.47937,0.47864,0.48032,0.48422,0.49469,0.49607,0.49986,0.49693,0.48845,0.48922,0.48725,0.49016,0.48772,0.48236,0.48347,0.48517,0.48326,0.48342,0.48253,0.48240,0.48145,0.48129,0.47997,0.47906,0.48001,0.48233,0.48185,0.48050,0.48474,0.47644,0.35413,0.33909,0.33614,0.33977,0.34799,0.34351,0.34414,0.34790,0.34628,0.34994,0.35282,0.23899,0.00000,0.00000
0.00000,0.25967,0.33244,0.33313,0.34885,0.34270,0.34394,0.34600,0.33738,0.42616,0.48245,0.47447,0.47460,0.47667,0.47777,0.47821,0.48287,0.48718,0.49007,0.48444,0.48462,0.48922,0.49122,0.49000,0.48575,0.47868,0.48701,0.49064,0.50006,0.49060,0.47901,0.47744,0.47635,0.47917,0.47994,0.47901,0.48069,0.48032,0.48183,0.48419,0.48229,0.48038,0.47992,0.48335,0.48617,0.49131,0.49890,0.50706,0.51011,0.50881,0.50557,0.49859,0.48863,0.48298,0.48657,0.49058,0.48455,0.48450,0.49011,0.49011,0.48471,0.48016,0.49257,0.50389,0.50260,0.50223,0.50283,0.50240,0.50550,0.50754,0.49786,0.50544,0.57710,0.55813,0.54358,0.55280,0.55837,0.55339,0.53734,0.53342,0.52980,0.52985,0.53445,0.54582,0.57953,0.58142,0.59316,0.55406,0.55887,0.59129,0.48776,0.49336,0.50269,0.50396,0.50646,0.50674,0.50776,0.50564,0.50612,0.50526,0.50577,0.50444,0.49037,0.48134,0.47999,0.47877,0.47808,0.48063,0.47804,0.47935,0.47957,0.47777,0.47948,0.47877,0.47954,0.48037,0.48178,0.48103,0.48045,0.48174,0.48402,0.48380,0.48001,0.47797,0.47903,0.48023,0.47981,0.48233,0.48991,0.49771,0.50108,0.50105,0.50147,0.49655,0.49503,0.49640,0.50118,0.49306,0.48464,0.48041,0.48123,0.48034,0.47746,0.47633,0.48016,0.48156,0.48007,0.48034,0.47979,0.48282,0.48442,0.48267,0.48143,0.48649,0.46982,0.35014,0.33888,0.34392,0.34697,0.34684,0.34549,0.34217,0.34491,0.34569,0.34547,0.34972,0.11642,0.00000,0.00000
0.00000,0.22374,0.33660,0.34285,0.35080,0.34489,0.34826,0.34185,0.34770,0.42824,0.48701,0.47657,0.47600,0.47602,0.47846,0.48087,0.48442,0.48621,0.48798,0.48464,0.48615,0.48409,0.48679,0.49250,0.49188,0.48304,0.48603,0.49450,0.49177,0.49614,0.48131,0.47788,0.47764,0.47644,0.47715,0.47558,0.47606,0.47781,0.47673,0.47894,0.48008,0.47976,0.47996,0.47968,0.48041,0.48244,0.48318,0.48719,0.48986,0.48882,0.48437,0.47946,0.48087,0.48207,0.48203,0.48306,0.48512,0.48918,0.48699,0.48459,0.48382,0.48400,0.49359,0.50242,0.50333,0.50541,0.50298,0.50285,0.50697,0.50449,0.50094,0.50469,0.56443,0.56336,0.55229,0.55953,0.56086,0.55659,0.53357,0.53322,0.52823,0.52183,0.53822,0.54546,0.57233,0.58379,0.59486,0.56259,0.56299,0.59805,0.50037,0.50593,0.50118,0.49051,0.50302,0.50493,0.50575,0.50588,0.50378,0.50506,0.50287,0.50344,0.49494,0.47957,0.47894,0.48016,0.48189,0.48125,0.48114,0.47992,0.48061,0.48182,0.48048,0.47946,0.47875,0.47871,0.47784,0.47744,0.47925,0.48085,0.47968,0.48101,0.47985,0.48063,0.48061,0.47956,0.47748,0.48249,0.49073,0.49788,0.50311,0.50180,0.49901,0.49578,0.49713,0.49315,0.48738,0.48406,0.48307,0.48244,0.48355,0.47935,0.48151,0.47908,0.47819,0.48014,0.47965,0.48198,0.48114,0.48076,0.47988,0.47833,0.47884,0.48659,0.45134,0.34830,0.33948,0.34094,0.34691,0.35069,0.34850,0.34338,0.34671,0.34637,0.34440,0.35198,0.03991,0.00000,0.00000
0.00000,0.11549,0.34686,0.34701,0.33937,0.33878,0.34992,0.33968,0.34154,0.42428,0.48448,0.47292,0.47361,0.47410,0.47667,0.47950,0.48307,0.48646,0.48741,0.48801,0.48772,0.48679,0.49122,0.49026,0.48823,0.48718,0.48650,0.49046,0.48851,0.49124,0.48705,0.47558,0.47365,0.47328,0.47516,0.47830,0.47906,0.47956,0.47992,0.48244,0.48770,0.48205,0.48510,0.48750,0.48552,0.48411,0.48076,0.48200,0.48251,0.48160,0.48389,0.48422,0.48541,0.48577,0.48132,0.48172,0.48351,0.48971,0.48577,0.48280,0.48247,0.48575,0.50046,0.50725,0.50612,0.50717,0.50393,0.50438,0.50697,0.50841,0.50765,0.50725,0.55428,0.57566,0.56261,0.57668,0.56125,0.56163,0.54606,0.54068,0.53811,0.53933,0.53182,0.57473,0.61132,0.60120,0.58596,0.57563,0.57338,0.58594,0.54500,0.49583,0.50048,0.49009,0.48335,0.49064,0.49695,0.50094,0.49952,0.50098,0.50475,0.50413,0.49923,0.48050,0.47653,0.47935,0.48107,0.48028,0.48014,0.47917,0.47706,0.47808,0.47904,0.47775,0.47981,0.48285,0.48400,0.48420,0.48526,0.48324,0.48185,0.47842,0.47793,0.47819,0.47970,0.47835,0.48110,0.48761,0.49173,0.49822,0.50021,0.50273,0.50116,0.49809,0.49266,0.48918,0.48422,0.48121,0.48043,0.47888,0.48056,0.47950,0.47977,0.48056,0.48171,0.48112,0.47974,0.47853,0.47755,0.47881,0.47757,0.47877,0.47875,0.49155,0.42725,0.34383,0.34042,0.34445,0.34145,0.34387,0.34447,0.34336,0.34294,0.34079,0.34485,0.27091,0.00000,0.00000,0.00000
0.00000,0.07472,0.33720,0.33838,0.33773,0.33696,0.35165,0.33804,0.33465,0.42058,0.48617,0.47489,0.47523,0.47567,0.47717,0.48003,0.48038,0.48307,0.48965,0.48903,0.48723,0.48792,0.48439,0.48933,0.48656,0.48581,0.48898,0.49529,0.49345,0.48889,0.49512,0.48147,0.47839,0.47688,0.47950,0.47972,0.47977,0.47622,0.47851,0.47666,0.48253,0.48105,0.48158,0.48327,0.48402,0.48198,0.48114,0.48038,0.48079,0.48005,0.48136,0.48123,0.48116,0.48180,0.48402,0.48506,0.48681,0.48353,0.48674,0.48677,0.48433,0.48422,0.49955,0.50661,0.50541,0.50520,0.50541,0.50462,0.50172,0.50318,0.50121,0.50759,0.53423,0.59650,0.56689,0.59418,0.57471,0.58130,0.57016,0.54642,0.54425,0.52615,0.51355,0.52050,0.55831,0.60361,0.60355,0.59459,0.58748,0.58265,0.59202,0.53966,0.50810,0.50150,0.48708,0.50046,0.50300,0.50254,0.50127,0.50074,0.49789,0.49428,0.49319,0.48493,0.48089,0.47848,0.47759,0.47688,0.48034,0.48322,0.48249,0.48295,0.48198,0.48098,0.48169,0.48220,0.47952,0.47952,0.47926,0.47618,0.47589,0.47671,0.47753,0.47875,0.48072,0.48032,0.48371,0.48887,0.48911,0.49449,0.50143,0.50449,0.50457,0.49605,0.48603,0.48462,0.47894,0.47957,0.48247,0.48211,0.47925,0.47700,0.48021,0.47939,0.47961,0.47828,0.47739,0.47879,0.47983,0.48034,0.47877,0.48045,0.48079,0.48962,0.39065,0.34146,0.34385,0.34710,0.34172,0.34039,0.34493,0.34104,0.33986,0.34567,0.35151,0.19759,0.00000,0.00000,0.00000
0.00000,0.00000,0.33432,0.34057,0.34203,0.34145,0.34949,0.34445,0.34006,0.41415,0.48752,0.47651,0.47636,0.47549,0.47693,0.48070,0.48129,0.48222,0.49082,0.49159,0.49029,0.49029,0.49113,0.49356,0.49131,0.48789,0.48865,0.49295,0.49367,0.49472,0.49212,0.48488,0.47842,0.47651,0.47513,0.47691,0.48090,0.48127,0.47983,0.48116,0.48501,0.47926,0.48054,0.48234,0.48271,0.48162,0.48147,0.48203,0.48282,0.48284,0.48132,0.48267,0.48380,0.48304,0.48269,0.48455,0.48728,0.48282,0.48528,0.48176,0.48165,0.49171,0.50491,0.50464,0.50289,0.50294,0.50389,0.50453,0.50506,0.50617,0.50322,0.49840,0.52219,0.58177,0.56642,0.59692,0.61112,0.57705,0.51279,0.50945,0.50495,0.50300,0.50094,0.50263,0.50601,0.51155,0.52803,0.57900,0.60419,0.56567,0.57962,0.57849,0.55610,0.51622,0.49512,0.49946,0.50294,0.50530,0.50271,0.50650,0.50573,0.50220,0.49901,0.48956,0.48089,0.48242,0.48264,0.48495,0.48207,0.48725,0.49387,0.49390,0.49031,0.48453,0.48032,0.47789,0.47719,0.47957,0.47879,0.48141,0.48360,0.48249,0.48200,0.48061,0.48083,0.48223,0.48327,0.49184,0.49961,0.50096,0.50499,0.50216,0.49328,0.48659,0.48152,0.47985,0.48052,0.47895,0.47935,0.47830,0.47979,0.47837,0.47766,0.48112,0.48109,0.48202,0.48092,0.47990,0.48038,0.48147,0.48158,0.47915,0.48203,0.48221,0.36440,0.34670,0.34471,0.33652,0.33430,0.33774,0.34028,0.34358,0.34442,0.34761,0.35313,0.07899,0.00000,0.00000,0.00000
0.00000,0.00000,0.22563,0.33729,0.33346,0.33836,0.34854,0.34983,0.34387,0.40109,0.48905,0.47410,0.47513,0.47556,0.47826,0.47966,0.47848,0.48275,0.48679,0.49275,0.49695,0.49605,0.49525,0.49219,0.48544,0.48612,0.48512,0.49392,0.49246,0.49693,0.48710,0.48991,0.48229,0.48041,0.47857,0.47573,0.47821,0.47906,0.47874,0.47523,0.47764,0.47997,0.47883,0.47842,0.48003,0.48307,0.48127,0.48167,0.48069,0.48256,0.48298,0.48482,0.48360,0.48098,0.48056,0.47952,0.48253,0.48030,0.48349,0.48371,0.48213,0.49246,0.50504,0.50462,0.50169,0.50358,0.50825,0.50829,0.50624,0.50229,0.49441,0.49243,0.52684,0.56336,0.57488,0.60401,0.62261,0.50726,0.50464,0.50320,0.50324,0.50384,0.50249,0.50278,0.50205,0.50435,0.51011,0.56961,0.64607,0.55692,0.54640,0.54912,0.54708,0.55098,0.53703,0.52066,0.50489,0.49611,0.50077,0.50025,0.50103,0.49999,0.50356,0.50595,0.50398,0.49797,0.49498,0.49766,0.50088,0.50427,0.50411,0.50252,0.50313,0.50203,0.49263,0.48201,0.48085,0.48030,0.48025,0.47813,0.47766,0.47901,0.48284,0.48433,0.48333,0.48389,0.48446,0.49562,0.49919,0.50249,0.49861,0.48858,0.48378,0.47735,0.47821,0.47844,0.47627,0.47999,0.48172,0.48025,0.47994,0.48120,0.47857,0.47919,0.47733,0.47802,0.48001,0.47952,0.48167,0.47921,0.48003,0.47846,0.48743,0.45179,0.34179,0.34316,0.34157,0.33714,0.33379,0.33330,0.33492,0.33596,0.33909,0.34950,0.31408,0.00000,0.00000,0.00000,0.00000
0.00000,0.00000,0.15136,0.33508,0.33437,0.33432,0.34090,0.34874,0.34506,0.38148,0.48902,0.47498,0.47569,0.47627,0.47688,0.48338,0.47972,0.48247,0.48160,0.48070,0.48544,0.49095,0.49272,0.49443,0.49465,0.49294,0.49199,0.49569,0.49277,0.49840,0.48619,0.48541,0.48477,0.47808,0.47846,0.47786,0.47576,0.47616,0.47937,0.47945,0.47899,0.48074,0.48211,0.48100,0.48085,0.48178,0.48269,0.48123,0.47961,0.47901,0.48214,0.48118,0.47857,0.47925,0.47680,0.47802,0.48291,0.48149,0.48431,0.48353,0.48450,0.49578,0.50739,0.50522,0.50604,0.49815,0.50531,0.50845,0.50839,0.50384,0.49226,0.51662,0.57122,0.56237,0.56885,0.60853,0.61766,0.50799,0.50705,0.50654,0.50683,0.50515,0.50263,0.50364,0.50285,0.50431,0.50666,0.61865,0.65783,0.55805,0.53904,0.54941,0.54648,0.53831,0.53641,0.52322,0.50300,0.49992,0.50278,0.50582,0.50433,0.50238,0.49649,0.49445,0.50085,0.50147,0.50161,0.50630,0.50380,0.50654,0.50566,0.50457,0.50533,0.50537,0.50274,0.48410,0.48280,0.47970,0.47859,0.47925,0.47897,0.47775,0.47740,0.47401,0.47873,0.48014,0.48471,0.49737,0.50041,0.49939,0.49702,0.48610,0.48284,0.48231,0.47979,0.47987,0.47921,0.48010,0.47884,0.48030,0.47837,0.47784,0.48267,0.48275,0.48092,0.48028,0.47959,0.47742,0.47961,0.47952,0.47872,0.48147,0.49330,0.40610,0.33924,0.33946,0.33793,0.33541,0.33632,0.33567,0.33643,0.34086,0.34808,0.35269,0.19537,0.00000,0.00000,0.00000,0.00000
0.00000,0.00000,0.07425,0.33149,0.33282,0.33441,0.33452,0.34245,0.33913,0.36901,0.49274,0.47965,0.47976,0.47855,0.47821,0.48172,0.48145,0.47934,0.48475,0.48360,0.48522,0.48745,0.48437,0.49385,0.49106,0.49381,0.49658,0.49660,0.49545,0.49974,0.49935,0.48769,0.49729,0.48639,0.47740,0.48039,0.48160,0.47923,0.47981,0.48462,0.48466,0.48019,0.47677,0.47819,0.47751,0.47956,0.48112,0.48123,0.48145,0.48081,0.47997,0.48028,0.47925,0.47852,0.47861,0.47846,0.48346,0.48544,0.48189,0.48058,0.48320,0.49532,0.50424,0.50542,0.50178,0.49758,0.50271,0.50468,0.50637,0.49573,0.49655,0.57163,0.55716,0.54879,0.55346,0.58192,0.65108,0.53025,0.50925,0.50590,0.50362,0.50041,0.50449,0.50351,0.50107,0.50318,0.52442,0.67416,0.64574,0.56009,0.54489,0.55969,0.56390,0.52236,0.49789,0.49286,0.49184,0.49383,0.49649,0.49853,0.49851,0.50099,0.49966,0.50072,0.49835,0.50356,0.50316,0.50595,0.50776,0.50582,0.50539,0.50132,0.50358,0.50185,0.50225,0.48243,0.47842,0.47791,0.47835,0.47744,0.47848,0.48027,0.47884,0.47863,0.48169,0.48218,0.48183,0.48803,0.49870,0.50167,0.49578,0.47977,0.47884,0.47724,0.47848,0.47941,0.47768,0.47662,0.47954,0.47946,0.48072,0.48072,0.48193,0.48059,0.48107,0.47972,0.48165,0.48163,0.48112,0.47959,0.47970,0.48790,0.47855,0.35734,0.33815,0.33592,0.33711,0.33771,0.34212,0.34600,0.35010,0.34834,0.34354,0.33789,0.07636,0.00000,0.00000,0.00000,0.00000
0.00000,0.00000,0.00000,0.30409,0.33906,0.33822,0.33691,0.34143,0.34186,0.35069,0.48007,0.47791,0.47536,0.47553,0.47606,0.48021,0.48202,0.47954,0.47790,0.48089,0.48116,0.48435,0.49071,0.49111,0.49403,0.48874,0.48599,0.48845,0.48980,0.49877,0.50108,0.48564,0.49250,0.49975,0.48431,0.47715,0.47651,0.47808,0.47728,0.47651,0.47657,0.47952,0.48056,0.47919,0.47988,0.47943,0.47771,0.47908,0.48227,0.47864,0.47890,0.47859,0.48156,0.48220,0.48409,0.48216,0.48254,0.48218,0.48371,0.48214,0.48191,0.48572,0.49049,0.49478,0.49930,0.50245,0.50094,0.50169,0.50192,0.50150,0.56123,0.53100,0.52539,0.54073,0.55045,0.58877,0.65756,0.66532,0.60115,0.52010,0.50515,0.50338,0.50227,0.50347,0.50214,0.50677,0.61278,0.69133,0.67458,0.61960,0.59163,0.57964,0.56824,0.50032,0.49233,0.48692,0.48756,0.48654,0.48933,0.49082,0.49523,0.49625,0.49574,0.49897,0.50256,0.49831,0.49418,0.50054,0.50139,0.50360,0.50371,0.50446,0.50646,0.50511,0.49966,0.48145,0.47855,0.47961,0.48005,0.48100,0.47852,0.48007,0.48200,0.48296,0.48293,0.48703,0.49119,0.49315,0.49381,0.49252,0.48433,0.47932,0.47914,0.48110,0.48065,0.47848,0.47737,0.48079,0.47793,0.47777,0.47808,0.47935,0.48085,0.48285,0.48169,0.47930,0.47959,0.47987,0.48038,0.48021,0.48152,0.49146,0.41314,0.33998,0.33778,0.33683,0.33884,0.35023,0.35089,0.34440,0.34099,0.33888,0.33745,0.30347,0.00000,0.00000,0.00000,0.00000,0.00000
0.00000,0.00000,0.00000,0.18658,0.33864,0.34208,0.34358,0.34433,0.34232,0.34042,0.45059,0.48586,0.47587,0.47886,0.47873,0.47775,0.47906,0.48001,0.48030,0.48253,0.48625,0.48196,0.48413,0.48362,0.48668,0.48590,0.48351,0.48668,0.49261,0.49720,0.49470,0.48517,0.48110,0.49554,0.50026,0.48399,0.47740,0.47954,0.48281,0.47990,0.48110,0.48160,0.48245,0.48220,0.48222,0.48287,0.48262,0.48214,0.48362,0.48205,0.48218,0.48134,0.47904,0.47770,0.47784,0.47828,0.48067,0.48050,0.48211,0.48360,0.48404,0.48417,0.49089,0.49565,0.50021,0.49675,0.49286,0.49348,0.50309,0.54329,0.53787,0.53829,0.56418,0.55503,0.57634,0.65072,0.61352,0.63799,0.68572,0.63148,0.51729,0.50721,0.50644,0.50672,0.51038,0.58224,0.69545,0.69503,0.68785,0.68090,0.66390,0.58277,0.53466,0.50218,0.50070,0.49164,0.48583,0.49717,0.49144,0.49359,0.49485,0.49279,0.49060,0.48694,0.48778,0.48506,0.48353,0.49396,0.50150,0.50340,0.50356,0.50466,0.50143,0.50074,0.49724,0.48199,0.47737,0.47833,0.47720,0.47573,0.47607,0.47678,0.47804,0.47965,0.48794,0.49523,0.49651,0.49660,0.48960,0.48590,0.48016,0.47915,0.47744,0.47633,0.47717,0.47844,0.47819,0.47817,0.48027,0.48067,0.48386,0.48158,0.47872,0.47698,0.47921,0.48034,0.47963,0.47784,0.47706,0.47719,0.49157,0.45721,0.35229,0.33563,0.33512,0.33538,0.34307,0.34819,0.33700,0.33687,0.33691,0.33756,0.34057,0.19302,0.00000,0.00000,0.00000,0.00000,0.00000
0.00000,0.00000,0.00000,0.11129,0.33514,0.33656,0.33747,0.34267,0.35207,0.34365,0.39987,0.49279,0.47520,0.47556,0.47660,0.47996,0.48468,0.48555,0.48512,0.48344,0.48852,0.48592,0.48721,0.48896,0.49480,0.49795,0.49698,0.49206,0.49264,0.49315,0.49257,0.48641,0.47859,0.48368,0.49724,0.49819,0.48357,0.47733,0.48043,0.48191,0.47888,0.47832,0.47939,0.48207,0.48187,0.48121,0.48171,0.48070,0.48346,0.48103,0.48189,0.48074,0.48358,0.48293,0.48218,0.48366,0.48568,0.48521,0.48349,0.48688,0.49428,0.50081,0.50061,0.50378,0.50446,0.50539,0.50462,0.50046,0.52907,0.52633,0.51995,0.52267,0.56112,0.57457,0.58104,0.66707,0.54240,0.55371,0.63965,0.67746,0.62869,0.52077,0.51381,0.51638,0.57346,0.68123,0.68524,0.62756,0.58678,0.57803,0.55291,0.53364,0.50847,0.49726,0.49857,0.49527,0.49175,0.49696,0.49381,0.49727,0.49700,0.49516,0.49445,0.48413,0.48973,0.48936,0.48340,0.48311,0.48564,0.49445,0.49673,0.49782,0.49470,0.49215,0.48872,0.48462,0.48081,0.47979,0.47733,0.47731,0.48028,0.48196,0.48149,0.48583,0.49283,0.49862,0.49064,0.48510,0.48083,0.47855,0.47968,0.47819,0.47713,0.47888,0.47709,0.47939,0.48019,0.47990,0.47888,0.47873,0.47801,0.47593,0.47750,0.47844,0.47965,0.47934,0.47866,0.47948,0.47999,0.48949,0.47245,0.36576,0.33525,0.33440,0.33567,0.33687,0.34416,0.34664,0.33886,0.33414,0.33629,0.33946,0.35085,0.03929,0.00000,0.00000,0.00000,0.00000,0.00000
0.00000,0.00000,0.00000,0.00000,0.33654,0.33736,0.33680,0.33532,0.34438,0.34183,0.35268,0.47884,0.48162,0.47624,0.47646,0.47596,0.47999,0.48318,0.48969,0.48552,0.48236,0.48162,0.48174,0.48318,0.48823,0.49698,0.49751,0.49521,0.49789,0.50136,0.49937,0.49669,0.48769,0.47912,0.48745,0.50161,0.49988,0.48674,0.47564,0.47768,0.47968,0.47915,0.47837,0.47633,0.47711,0.47722,0.47888,0.47894,0.48061,0.48039,0.47946,0.47974,0.48069,0.48280,0.48378,0.48251,0.48172,0.48482,0.49109,0.49583,0.49436,0.49274,0.49884,0.50170,0.49979,0.50318,0.50892,0.53450,0.53333,0.50674,0.49368,0.48816,0.50369,0.55397,0.55683,0.57448,0.50257,0.49799,0.53042,0.62707,0.67288,0.63115,0.58846,0.61021,0.67558,0.68110,0.60824,0.52477,0.51607,0.50747,0.49529,0.49943,0.49576,0.49115,0.49469,0.49576,0.48883,0.49461,0.49689,0.49848,0.49651,0.49607,0.49804,0.49066,0.49523,0.49341,0.48860,0.49117,0.48827,0.48916,0.49470,0.49168,0.48510,0.48320,0.47999,0.47864,0.47992,0.48229,0.48759,0.49213,0.48956,0.48588,0.49119,0.49540,0.49150,0.48728,0.48193,0.47963,0.47910,0.47791,0.47868,0.47956,0.47926,0.48003,0.48132,0.48191,0.47992,0.47983,0.48123,0.48180,0.47870,0.47793,0.47777,0.47861,0.47808,0.47824,0.47731,0.48244,0.49221,0.48318,0.38292,0.33809,0.33714,0.33540,0.33494,0.33510,0.34094,0.35054,0.34706,0.34121,0.33649,0.34363,0.27476,0.00000,0.00000,0.00000,0.00000,0.00000,0.00000
0.00000,0.00000,0.00000,0.00000,0.18591,0.33388,0.33363,0.33614,0.34464,0.33942,0.34717,0.43245,0.48931,0.47673,0.47651,0.47965,0.47948,0.48198,0.48493,0.48346,0.48187,0.48296,0.47983,0.48030,0.47852,0.48189,0.48409,0.48714,0.49607,0.49817,0.49651,0.49811,0.49088,0.48344,0.48059,0.48789,0.49788,0.50123,0.49083,0.47966,0.47879,0.47731,0.47680,0.47977,0.47977,0.47884,0.48003,0.48010,0.47841,0.48018,0.47992,0.48171,0.48047,0.48014,0.48109,0.48176,0.49044,0.49890,0.50123,0.50227,0.49997,0.49988,0.50331,0.50375,0.50728,0.50440,0.51999,0.52467,0.49614,0.48335,0.47830,0.48218,0.49290,0.52983,0.53494,0.52196,0.49262,0.48984,0.48887,0.51142,0.53882,0.57814,0.65365,0.64773,0.67228,0.61210,0.50493,0.50391,0.49968,0.49793,0.49853,0.49390,0.49146,0.48727,0.49173,0.48637,0.48736,0.48683,0.49706,0.50187,0.49954,0.49797,0.49388,0.49319,0.49755,0.48869,0.48962,0.49015,0.49633,0.49886,0.49882,0.49779,0.49151,0.48320,0.48429,0.48223,0.48019,0.48019,0.49170,0.49213,0.48395,0.48940,0.49345,0.48770,0.48162,0.47974,0.47826,0.47879,0.48007,0.47968,0.47957,0.47875,0.47864,0.47948,0.48045,0.47894,0.48089,0.47888,0.47839,0.48056,0.48218,0.48198,0.48072,0.47821,0.47669,0.47533,0.48016,0.48756,0.48364,0.38768,0.34035,0.33895,0.33804,0.33705,0.33749,0.33605,0.33647,0.34090,0.34544,0.35082,0.34726,0.34699,0.15641,0.00000,0.00000,0.00000,0.00000,0.00000,0.00000
0.00000,0.00000,0.00000,0.00000,0.07538,0.34186,0.34814,0.34553,0.33862,0.33882,0.34804,0.36852,0.48316,0.47961,0.47223,0.47472,0.47502,0.47626,0.47904,0.47873,0.47729,0.47837,0.47957,0.47881,0.47952,0.48114,0.48502,0.48378,0.49341,0.49926,0.49995,0.49988,0.49507,0.48151,0.48183,0.48739,0.49069,0.49948,0.50361,0.49494,0.48147,0.47817,0.47760,0.47635,0.47822,0.47790,0.48008,0.47928,0.48021,0.47917,0.48103,0.48061,0.48079,0.48174,0.48464,0.49299,0.50418,0.50573,0.50369,0.50347,0.50318,0.50420,0.50491,0.50125,0.50054,0.49906,0.50655,0.49669,0.48599,0.48238,0.48340,0.48335,0.48324,0.48701,0.50096,0.50479,0.48761,0.48721,0.48780,0.49749,0.50685,0.50163,0.55497,0.62448,0.65274,0.52460,0.49181,0.50283,0.50112,0.50561,0.50263,0.49476,0.49731,0.50096,0.49848,0.48431,0.48519,0.49399,0.49952,0.49691,0.49963,0.49901,0.49583,0.49731,0.49941,0.49233,0.49620,0.49684,0.49864,0.49753,0.49715,0.49596,0.49425,0.48967,0.48774,0.48287,0.48169,0.48149,0.48774,0.48832,0.48654,0.48484,0.47957,0.47657,0.47482,0.47751,0.47961,0.48038,0.47904,0.47923,0.47948,0.47963,0.47934,0.47664,0.47689,0.47620,0.47819,0.48016,0.47968,0.48005,0.47837,0.47620,0.47801,0.47691,0.48123,0.48506,0.49303,0.48234,0.39916,0.35488,0.35093,0.34668,0.34210,0.34048,0.33971,0.33764,0.33773,0.33548,0.33620,0.34037,0.34801,0.31184,0.00000,0.00000,0.00000,0.00000,0.00000,0.00000,0.00000
0.00000,0.00000,0.00000,0.00000,0.00000,0.31357,0.35980,0.36668,0.35045,0.33499,0.33756,0.35127,0.42177,0.49181,0.47757,0.47598,0.47835,0.47864,0.47689,0.47618,0.47790,0.47965,0.47999,0.48316,0.48236,0.48081,0.47904,0.48039,0.48096,0.48453,0.48745,0.48964,0.48378,0.47890,0.48187,0.48302,0.48223,0.49179,0.50850,0.51007,0.50169,0.49416,0.49113,0.48831,0.48048,0.47997,0.48016,0.47999,0.48158,0.48058,0.47895,0.47748,0.47677,0.47965,0.49275,0.50396,0.50420,0.50218,0.49861,0.49704,0.49908,0.50304,0.49669,0.49536,0.49047,0.50076,0.49720,0.48778,0.48840,0.49179,0.48389,0.48307,0.48863,0.49430,0.49950,0.49609,0.48753,0.48493,0.48555,0.48741,0.49215,0.49459,0.49416,0.59140,0.61613,0.49080,0.49580,0.49204,0.49817,0.50993,0.50663,0.50079,0.49910,0.50229,0.49593,0.48710,0.49283,0.49649,0.50099,0.50065,0.50160,0.50032,0.49875,0.49851,0.49744,0.49343,0.49913,0.49811,0.49842,0.49950,0.49562,0.48982,0.49104,0.48978,0.49419,0.49197,0.48063,0.48198,0.48965,0.48705,0.48415,0.47966,0.47842,0.47822,0.47895,0.47708,0.47447,0.47502,0.47779,0.47917,0.47830,0.47921,0.47992,0.48189,0.48335,0.48329,0.48203,0.48121,0.48028,0.47808,0.47974,0.47894,0.47821,0.48247,0.49175,0.49582,0.46462,0.38912,0.36246,0.35947,0.35809,0.35929,0.35559,0.34662,0.33815,0.33559,0.33742,0.33773,0.33565,0.33383,0.33534,0.19037,0.00000,0.00000,0.00000,0.00000,0.00000,0.00000,0.00000
0.00000,0.00000,0.00000,0.00000,0.00000,0.18400,0.37263,0.36600,0.35429,0.34464,0.34456,0.34439,0.36014,0.44225,0.49325,0.48169,0.47677,0.47845,0.48057,0.47807,0.47822,0.48157,0.48136,0.47892,0.47922,0.47905,0.48061,0.47944,0.48027,0.48068,0.48164,0.48195,0.48165,0.48301,0.48521,0.48593,0.48540,0.48776,0.49868,0.50279,0.49606,0.49169,0.49270,0.49584,0.49124,0.48518,0.47938,0.47834,0.47670,0.47639,0.47879,0.47852,0.47875,0.48368,0.50034,0.50219,0.50339,0.50428,0.50479,0.50350,0.49984,0.49289,0.48339,0.48664,0.49159,0.49252,0.49002,0.49614,0.50276,0.50008,0.48677,0.48564,0.49463,0.49546,0.49370,0.49655,0.49467,0.49416,0.49602,0.48914,0.48883,0.48741,0.49340,0.53291,0.60081,0.48795,0.49199,0.48793,0.49244,0.50217,0.49899,0.50172,0.50390,0.49869,0.48811,0.48555,0.50060,0.50500,0.50317,0.49701,0.48947,0.49616,0.50090,0.50316,0.49582,0.49733,0.49520,0.49460,0.49844,0.49104,0.49590,0.49591,0.49692,0.49576,0.49263,0.49075,0.48141,0.48045,0.48123,0.47873,0.48026,0.47812,0.47844,0.47842,0.47829,0.47840,0.47946,0.47855,0.47643,0.47859,0.47732,0.47851,0.47968,0.47889,0.48064,0.48090,0.47892,0.47905,0.47844,0.47892,0.47938,0.48369,0.49193,0.49430,0.46072,0.40628,0.37225,0.37044,0.36622,0.36061,0.35640,0.35814,0.36553,0.36456,0.35956,0.34969,0.34132,0.33435,0.33217,0.33205,0.30712,0.02814,0.00000,0.00000,0.00000,0.00000,0.00000,0.00000,0.00000
0.00000,0.00000,0.00000,0.00000,0.00000,0.00000,0.31968,0.34496,0.33740,0.33767,0.33816,0.34553,0.35227,0.36106,0.43055,0.49033,0.48041,0.47680,0.47979,0.47884,0.47735,0.47777,0.48316,0.48417,0.48431,0.48110,0.47906,0.47897,0.47919,0.47872,0.47895,0.47875,0.47797,0.48085,0.48182,0.48329,0.48391,0.48674,0.48499,0.48769,0.49016,0.48783,0.47923,0.48172,0.48683,0.48535,0.48677,0.48220,0.47928,0.47720,0.47551,0.47646,0.47744,0.48553,0.50203,0.50513,0.50437,0.50048,0.50152,0.49871,0.48973,0.48665,0.48843,0.49946,0.49627,0.49527,0.49551,0.50003,0.50050,0.49837,0.48902,0.49835,0.50497,0.49529,0.49168,0.50508,0.50355,0.49915,0.48883,0.49016,0.48995,0.48621,0.49088,0.50774,0.60594,0.49330,0.48605,0.48291,0.48967,0.49323,0.48805,0.50302,0.50324,0.49932,0.48546,0.48346,0.49633,0.50114,0.50406,0.50083,0.49126,0.49155,0.49609,0.49288,0.49275,0.49354,0.49737,0.49795,0.49822,0.49738,0.49385,0.49769,0.49161,0.49057,0.49299,0.49007,0.47979,0.48245,0.48256,0.48008,0.47531,0.47544,0.47669,0.47523,0.47540,0.47781,0.47675,0.47729,0.47480,0.47934,0.48050,0.47866,0.47589,0.47997,0.47923,0.47781,0.47795,0.47740,0.47689,0.48306,0.49193,0.49840,0.48535,0.41232,0.37479,0.37878,0.37721,0.36257,0.34945,0.35249,0.35348,0.35782,0.36819,0.37464,0.36518,0.35639,0.35610,0.34753,0.33959,0.33561,0.18598,0.00000,0.00000,0.00000,0.00000,0.00000,0.00000,0.00000,0.00000
0.00000,0.00000,0.00000,0.00000,0.00000,0.00000,0.19590,0.33964,0.33446,0.33364,0.33417,0.33908,0.34919,0.36638,0.35820,0.44189,0.49368,0.47923,0.47627,0.47841,0.47941,0.47739,0.47779,0.48003,0.48185,0.48054,0.48105,0.47881,0.48063,0.47966,0.48081,0.47635,0.47821,0.47802,0.47813,0.47775,0.48056,0.48661,0.49232,0.48415,0.48189,0.48191,0.48249,0.48798,0.49130,0.49312,0.48583,0.48171,0.48023,0.47819,0.47802,0.47859,0.48154,0.49077,0.49489,0.49766,0.50263,0.50072,0.49306,0.48893,0.48865,0.49516,0.49695,0.49768,0.49649,0.49660,0.50067,0.50345,0.49870,0.49418,0.49376,0.50345,0.50364,0.49777,0.48732,0.50418,0.50602,0.50617,0.49414,0.49133,0.49729,0.48986,0.48479,0.49585,0.58875,0.51394,0.49095,0.48612,0.49412,0.50125,0.49306,0.50398,0.50373,0.49684,0.48271,0.48380,0.49275,0.49500,0.50302,0.49777,0.49762,0.49365,0.49089,0.49301,0.49308,0.49088,0.49839,0.49964,0.49943,0.49476,0.49137,0.49151,0.49401,0.49275,0.49381,0.49050,0.47974,0.48145,0.48169,0.48295,0.48209,0.47917,0.47904,0.48079,0.48160,0.47968,0.47946,0.47832,0.48030,0.47930,0.47832,0.47585,0.47853,0.47897,0.47751,0.47667,0.47575,0.47852,0.48431,0.49525,0.49547,0.45378,0.37889,0.36564,0.37645,0.37112,0.35605,0.34996,0.34172,0.34011,0.35537,0.36688,0.36126,0.36657,0.37508,0.37052,0.36463,0.35729,0.35091,0.34216,0.03732,0.00000,0.00000,0.00000,0.00000,0.00000,0.00000,0.00000,0.00000
0.00000,0.00000,0.00000,0.00000,0.00000,0.00000,0.03848,0.34095,0.33745,0.33733,0.33698,0.33570,0.33740,0.35295,0.36689,0.35989,0.44279,0.49465,0.48508,0.47766,0.47842,0.47700,0.47912,0.48180,0.48431,0.48420,0.47915,0.47888,0.47647,0.47870,0.47996,0.48174,0.47835,0.47719,0.47755,0.48125,0.48727,0.49748,0.49677,0.49806,0.49567,0.48796,0.47952,0.47846,0.48577,0.49279,0.49946,0.48965,0.48377,0.48351,0.48151,0.48193,0.48417,0.48577,0.48262,0.49503,0.49735,0.50034,0.49846,0.49439,0.49281,0.49966,0.49758,0.49819,0.49523,0.49782,0.49886,0.49766,0.49576,0.50019,0.49966,0.50181,0.50154,0.50211,0.49108,0.49571,0.50429,0.50533,0.50480,0.50220,0.50524,0.49525,0.48460,0.49352,0.56150,0.53408,0.48774,0.48440,0.48960,0.49828,0.49241,0.50273,0.49939,0.48785,0.48712,0.49554,0.49277,0.49881,0.50141,0.50005,0.49968,0.50036,0.49780,0.50169,0.50072,0.49797,0.50340,0.50240,0.50023,0.49500,0.49769,0.49357,0.49144,0.49058,0.48998,0.48786,0.48455,0.48222,0.47945,0.47620,0.47801,0.47897,0.47875,0.47870,0.47906,0.47968,0.48065,0.48174,0.47901,0.47910,0.47883,0.47939,0.47841,0.47817,0.47966,0.48400,0.48838,0.49614,0.49881,0.48134,0.40709,0.35636,0.35816,0.37018,0.37787,0.35481,0.34848,0.35621,0.37313,0.40201,0.41019,0.40064,0.39597,0.39398,0.39898,0.39614,0.38432,0.37621,0.36781,0.20097,0.00000,0.00000,0.00000,0.00000,0.00000,0.00000,0.00000,0.00000,0.00000
0.00000,0.00000,0.00000,0.00000,0.00000,0.00000,0.00000,0.22541,0.34278,0.34969,0.35499,0.35477,0.34405,0.34196,0.35187,0.36511,0.38658,0.43978,0.49113,0.48459,0.47647,0.47733,0.47746,0.47786,0.48045,0.48444,0.48296,0.47866,0.48038,0.47795,0.47952,0.47702,0.48014,0.48121,0.48302,0.48092,0.48417,0.49718,0.49437,0.49449,0.49609,0.49498,0.49306,0.48635,0.48539,0.48351,0.49381,0.49875,0.49015,0.48194,0.48143,0.47740,0.47965,0.48100,0.48712,0.49463,0.49665,0.49939,0.49913,0.49757,0.49990,0.49525,0.49662,0.49678,0.49786,0.49636,0.48854,0.49753,0.49910,0.50143,0.49977,0.50147,0.50205,0.49842,0.49217,0.48236,0.50167,0.50655,0.50457,0.49737,0.50448,0.50254,0.49529,0.49600,0.54132,0.55138,0.49636,0.49372,0.49521,0.50119,0.48949,0.50293,0.49981,0.49381,0.49498,0.50145,0.49706,0.49726,0.50358,0.50404,0.49598,0.49655,0.50028,0.49933,0.50141,0.50183,0.49501,0.49434,0.49498,0.48996,0.49243,0.49492,0.49461,0.48862,0.49086,0.48373,0.48058,0.48027,0.47954,0.48036,0.48087,0.47915,0.48058,0.48178,0.48125,0.47966,0.47859,0.47824,0.47728,0.47593,0.47596,0.47476,0.47441,0.47363,0.48092,0.48945,0.49547,0.48758,0.43236,0.36824,0.35189,0.35350,0.36400,0.37544,0.36923,0.35616,0.37811,0.40556,0.39845,0.36881,0.34910,0.34137,0.34394,0.34552,0.35415,0.37681,0.40503,0.40179,0.37688,0.04206,0.00000,0.00000,0.00000,0.00000,0.00000,0.00000,0.00000,0.00000,0.00000
0.00000,0.00000,0.00000,0.00000,0.00000,0.00000,0.00000,0.07812,0.35769,0.36664,0.36782,0.36290,0.35878,0.34947,0.34856,0.35813,0.37756,0.39841,0.43515,0.48964,0.48213,0.47753,0.47848,0.47744,0.47819,0.47764,0.48145,0.48094,0.48056,0.47855,0.47751,0.47770,0.47872,0.47894,0.47910,0.48079,0.48094,0.49232,0.49999,0.49706,0.49981,0.49775,0.49027,0.49135,0.48929,0.48754,0.48705,0.49567,0.49718,0.48847,0.48028,0.48183,0.48318,0.48431,0.48852,0.49536,0.49733,0.49686,0.49789,0.49182,0.49664,0.49913,0.49660,0.49749,0.50092,0.49722,0.49904,0.50063,0.50386,0.50072,0.50232,0.50344,0.49649,0.48780,0.48674,0.48550,0.49270,0.50028,0.50227,0.49330,0.49791,0.50442,0.49709,0.49740,0.53452,0.56119,0.51078,0.49669,0.50099,0.49248,0.48971,0.50211,0.49709,0.50364,0.50169,0.50438,0.50039,0.49696,0.49912,0.50068,0.49622,0.49709,0.49035,0.49985,0.49368,0.49593,0.49556,0.49438,0.48913,0.48544,0.49153,0.49080,0.48635,0.49006,0.48814,0.48087,0.47804,0.47786,0.47954,0.47966,0.47974,0.47886,0.47804,0.47777,0.47908,0.48019,0.47744,0.47664,0.47638,0.47615,0.47554,0.47682,0.48258,0.49002,0.49593,0.49295,0.45081,0.38221,0.35592,0.35754,0.36121,0.37422,0.38492,0.39373,0.40286,0.40064,0.37472,0.34606,0.33980,0.33926,0.33951,0.33982,0.34108,0.34050,0.33920,0.33795,0.34617,0.38064,0.22711,0.00000,0.00000,0.00000,0.00000,0.00000,0.00000,0.00000,0.00000,0.00000,0.00000
0.00000,0.00000,0.00000,0.00000,0.00000,0.00000,0.00000,0.00000,0.28282,0.35479,0.36203,0.36039,0.36088,0.36285,0.35836,0.36279,0.36719,0.37882,0.39943,0.44067,0.49439,0.48249,0.47709,0.47719,0.47731,0.47788,0.47948,0.47974,0.47946,0.47886,0.47839,0.48008,0.47945,0.47976,0.48092,0.48174,0.48023,0.48134,0.49055,0.49523,0.49354,0.48891,0.49261,0.49450,0.49585,0.49202,0.48652,0.48781,0.49600,0.49441,0.48876,0.48041,0.48342,0.49020,0.49418,0.49556,0.49582,0.49713,0.50005,0.49494,0.49593,0.49846,0.50083,0.50056,0.50041,0.50083,0.50116,0.50065,0.50324,0.49753,0.49835,0.49797,0.50178,0.49866,0.49895,0.49454,0.48683,0.50340,0.50763,0.50652,0.49235,0.50263,0.49906,0.49434,0.54773,0.59174,0.51623,0.49605,0.49551,0.49088,0.50123,0.50322,0.49554,0.49871,0.49764,0.49046,0.50041,0.49738,0.49505,0.49826,0.50214,0.50052,0.48699,0.48794,0.48639,0.49202,0.49089,0.49040,0.48656,0.48911,0.48814,0.49376,0.49325,0.48657,0.48085,0.48329,0.48417,0.48152,0.48027,0.48151,0.48118,0.47923,0.47819,0.47795,0.47436,0.47471,0.47505,0.47544,0.47673,0.47828,0.48424,0.49368,0.49740,0.49257,0.45068,0.39420,0.36631,0.37065,0.37282,0.37574,0.38802,0.40955,0.42049,0.39865,0.35803,0.33977,0.33689,0.33647,0.33862,0.33866,0.33813,0.33933,0.33946,0.33979,0.33807,0.33676,0.33651,0.33906,0.04302,0.00000,0.00000,0.00000,0.00000,0.00000,0.00000,0.00000,0.00000,0.00000,0.00000
0.00000,0.00000,0.00000,0.00000,0.00000,0.00000,0.00000,0.00000,0.07815,0.34571,0.35122,0.35822,0.35330,0.36106,0.36423,0.36595,0.36133,0.36086,0.37025,0.38159,0.44913,0.49244,0.48264,0.47657,0.47832,0.47746,0.47972,0.48160,0.48156,0.48298,0.48205,0.47866,0.47864,0.47894,0.47895,0.47879,0.47921,0.48109,0.48141,0.48213,0.48473,0.48528,0.48925,0.49066,0.49206,0.49498,0.49100,0.49004,0.48794,0.49015,0.49111,0.48417,0.47904,0.48965,0.49197,0.49543,0.49804,0.49751,0.49758,0.49908,0.50028,0.49746,0.49715,0.49809,0.49744,0.49974,0.49879,0.49675,0.49786,0.49208,0.49718,0.50209,0.50005,0.50169,0.50112,0.50302,0.49054,0.49571,0.50371,0.49988,0.49724,0.49968,0.50324,0.50349,0.57803,0.63115,0.51102,0.49751,0.50468,0.50373,0.50511,0.49840,0.49671,0.50375,0.50309,0.49662,0.49310,0.49815,0.50149,0.50032,0.49884,0.49053,0.48920,0.49645,0.49332,0.49665,0.48787,0.49264,0.49213,0.49026,0.48922,0.48626,0.48446,0.48377,0.48470,0.48428,0.48047,0.48056,0.48043,0.47895,0.47904,0.47839,0.47819,0.47750,0.47664,0.47901,0.47673,0.47943,0.48440,0.49144,0.49614,0.49469,0.44718,0.38919,0.37327,0.37603,0.38006,0.38186,0.39019,0.41398,0.41814,0.38429,0.34542,0.33833,0.33789,0.33694,0.34097,0.33920,0.33742,0.33858,0.33869,0.33959,0.33849,0.33954,0.33926,0.33725,0.33676,0.18808,0.00000,0.00000,0.00000,0.00000,0.00000,0.00000,0.00000,0.00000,0.00000,0.00000,0.00000
0.00000,0.00000,0.00000,0.00000,0.00000,0.00000,0.00000,0.00000,0.00000,0.27613,0.35339,0.35927,0.35991,0.35630,0.35951,0.36409,0.35975,0.37120,0.37510,0.37255,0.37585,0.46457,0.49221,0.48021,0.47781,0.47919,0.48234,0.48174,0.47868,0.47841,0.48092,0.48187,0.47935,0.47667,0.47689,0.47883,0.48056,0.47884,0.47692,0.47682,0.47695,0.47835,0.47988,0.48183,0.48377,0.48654,0.49040,0.48909,0.49011,0.48851,0.48666,0.48236,0.48110,0.48501,0.49153,0.48772,0.49049,0.49518,0.49846,0.49915,0.50285,0.50037,0.50008,0.49926,0.49784,0.49762,0.49784,0.49915,0.50298,0.49687,0.49651,0.50437,0.50189,0.50065,0.50234,0.50254,0.49557,0.50211,0.50010,0.50194,0.50132,0.49912,0.50484,0.51062,0.52714,0.55379,0.50610,0.50156,0.50453,0.50449,0.49928,0.49629,0.49919,0.49828,0.50017,0.49932,0.50212,0.49627,0.49602,0.49449,0.48502,0.48958,0.48987,0.49270,0.48749,0.49266,0.48956,0.49133,0.49492,0.49035,0.48559,0.48260,0.48189,0.48191,0.47954,0.47925,0.48008,0.47646,0.47638,0.47802,0.47671,0.47585,0.47688,0.47999,0.48289,0.48641,0.48947,0.49193,0.49467,0.48685,0.44605,0.38556,0.36901,0.38230,0.38308,0.37858,0.39796,0.41221,0.39845,0.36713,0.34369,0.34066,0.34028,0.33946,0.33864,0.33705,0.33698,0.33884,0.33815,0.33842,0.33844,0.33661,0.33676,0.33746,0.33751,0.33574,0.29760,0.00000,0.00000,0.00000,0.00000,0.00000,0.00000,0.00000,0.00000,0.00000,0.00000,0.00000,0.00000
0.00000,0.00000,0.00000,0.00000,0.00000,0.00000,0.00000,0.00000,0.00000,0.08958,0.38762,0.35632,0.36000,0.36757,0.36567,0.35871,0.34792,0.34575,0.36804,0.36990,0.37331,0.38274,0.48185,0.49115,0.47879,0.47804,0.48085,0.48016,0.47959,0.47915,0.47523,0.47447,0.48058,0.47952,0.48052,0.48021,0.47711,0.47757,0.48216,0.48141,0.47917,0.48129,0.47992,0.47857,0.47709,0.47890,0.48174,0.48375,0.48798,0.49542,0.49215,0.49035,0.48584,0.48628,0.49093,0.49224,0.49589,0.49868,0.49892,0.49786,0.49915,0.49999,0.49921,0.49135,0.48800,0.49301,0.49926,0.49933,0.49902,0.49113,0.49662,0.50001,0.50229,0.49563,0.49764,0.50254,0.50216,0.50495,0.49704,0.49720,0.49817,0.49664,0.51098,0.50562,0.49480,0.49680,0.49031,0.48849,0.49268,0.49470,0.50001,0.49684,0.50103,0.50147,0.50247,0.50201,0.49924,0.50079,0.49819,0.49532,0.49126,0.49080,0.48978,0.48984,0.48944,0.49206,0.48903,0.48725,0.48395,0.48289,0.48306,0.48176,0.47770,0.47640,0.47788,0.47821,0.48050,0.48098,0.48267,0.48428,0.48723,0.48982,0.49100,0.48914,0.49004,0.49051,0.48685,0.46776,0.42071,0.38080,0.36511,0.37402,0.38633,0.39041,0.40538,0.41192,0.38421,0.34801,0.34046,0.34017,0.34061,0.34154,0.34276,0.33999,0.33988,0.33880,0.33873,0.33731,0.33678,0.33558,0.33607,0.33962,0.33942,0.33738,0.33658,0.33568,0.14928,0.00000,0.00000,0.00000,0.00000,0.00000,0.00000,0.00000,0.00000,0.00000,0.00000,0.00000,0.00000
0.00000,0.00000,0.00000,0.00000,0.00000,0.00000,0.00000,0.00000,0.00000,0.00000,0.26800,0.41548,0.40091,0.36948,0.35825,0.36050,0.35457,0.36095,0.35796,0.37029,0.36786,0.36092,0.39612,0.49011,0.49053,0.47961,0.47657,0.47609,0.47604,0.47728,0.48052,0.48083,0.47930,0.48094,0.48107,0.48089,0.48154,0.47755,0.47460,0.47764,0.47981,0.47842,0.47779,0.47857,0.48100,0.47881,0.47919,0.47894,0.47755,0.47877,0.48067,0.48495,0.48586,0.48967,0.49281,0.49348,0.49727,0.49873,0.49771,0.49735,0.49452,0.49239,0.49405,0.49292,0.49850,0.49775,0.48980,0.48763,0.49908,0.49057,0.49757,0.49966,0.50028,0.49895,0.50028,0.49784,0.50055,0.49817,0.49684,0.50041,0.49871,0.49755,0.50444,0.48938,0.48579,0.49303,0.49556,0.48971,0.48801,0.48601,0.49106,0.49060,0.49748,0.49981,0.50015,0.50174,0.50282,0.49525,0.48597,0.48564,0.48955,0.48754,0.49022,0.48597,0.48304,0.48183,0.48008,0.48003,0.47870,0.47647,0.47616,0.47724,0.48377,0.48741,0.48885,0.48991,0.49341,0.49350,0.49306,0.49312,0.48570,0.47835,0.47443,0.45908,0.44335,0.42503,0.39094,0.37116,0.37477,0.38842,0.39956,0.41477,0.42038,0.39424,0.35995,0.34248,0.34115,0.34128,0.34154,0.34001,0.34044,0.33795,0.33707,0.33951,0.33964,0.34039,0.33990,0.33847,0.33929,0.33807,0.33641,0.33538,0.33583,0.33694,0.33878,0.26297,0.00000,0.00000,0.00000,0.00000,0.00000,0.00000,0.00000,0.00000,0.00000,0.00000,0.00000,0.00000,0.00000
0.00000,0.00000,0.00000,0.00000,0.00000,0.00000,0.00000,0.00000,0.00000,0.00000,0.03759,0.34471,0.36637,0.39836,0.40582,0.39025,0.36030,0.35669,0.36011,0.35732,0.37129,0.37142,0.36509,0.40483,0.48101,0.48960,0.48289,0.47873,0.47644,0.47576,0.47549,0.47821,0.47824,0.47751,0.47666,0.47713,0.47709,0.47684,0.47907,0.48105,0.48138,0.48187,0.47979,0.47720,0.47569,0.47788,0.47728,0.47822,0.47759,0.47806,0.47833,0.47939,0.47848,0.47853,0.48499,0.49044,0.49545,0.49523,0.49126,0.49018,0.49292,0.49286,0.49534,0.49512,0.49237,0.49224,0.49284,0.48696,0.49037,0.48296,0.49086,0.49937,0.49423,0.49520,0.49656,0.50094,0.50133,0.49994,0.50280,0.49799,0.49964,0.50252,0.49226,0.48550,0.48499,0.48586,0.48595,0.48668,0.48761,0.48692,0.48929,0.48933,0.48896,0.49080,0.49137,0.48951,0.48909,0.48787,0.48816,0.48302,0.48337,0.48218,0.48090,0.48094,0.47988,0.47689,0.47719,0.47689,0.47522,0.47884,0.48464,0.49053,0.49485,0.48800,0.47004,0.45725,0.45143,0.44444,0.43112,0.40527,0.38753,0.38534,0.38130,0.38170,0.38186,0.37971,0.38066,0.39315,0.40860,0.42585,0.42034,0.38243,0.35047,0.34314,0.34146,0.34041,0.33979,0.33915,0.33988,0.34011,0.34125,0.34205,0.34161,0.33995,0.33846,0.33911,0.33857,0.33957,0.34030,0.34013,0.33913,0.34123,0.33869,0.33544,0.33756,0.07567,0.00000,0.00000,0.00000,0.00000,0.00000,0.00000,0.00000,0.00000,0.00000,0.00000,0.00000,0.00000,0.00000
0.00000,0.00000,0.00000,0.00000,0.00000,0.00000,0.00000,0.00000,0.00000,0.00000,0.00000,0.18944,0.33997,0.34041,0.34881,0.38111,0.41502,0.40953,0.38035,0.35884,0.35218,0.36396,0.37623,0.37111,0.39005,0.46457,0.49419,0.48730,0.48109,0.47766,0.47615,0.47613,0.47616,0.47580,0.47689,0.47826,0.48121,0.48213,0.48342,0.48054,0.47691,0.47558,0.47678,0.47954,0.47914,0.47915,0.47959,0.47855,0.48052,0.47870,0.47735,0.47666,0.48094,0.47948,0.47731,0.47952,0.48502,0.48885,0.49217,0.49091,0.49421,0.49253,0.49195,0.49558,0.49326,0.49321,0.49078,0.48761,0.49430,0.49356,0.48862,0.49452,0.50191,0.50046,0.50227,0.49946,0.50313,0.49932,0.49830,0.50181,0.49691,0.48894,0.48302,0.48271,0.48131,0.48236,0.48182,0.47987,0.47906,0.48038,0.48123,0.48229,0.48393,0.48158,0.47994,0.48078,0.48019,0.48114,0.47813,0.47881,0.48043,0.47948,0.47759,0.47633,0.47429,0.47478,0.47492,0.47538,0.48245,0.49029,0.48736,0.45050,0.40396,0.38316,0.37973,0.38136,0.38210,0.38244,0.38071,0.38363,0.38545,0.38347,0.37842,0.38162,0.38808,0.40047,0.42138,0.42724,0.40634,0.36658,0.34296,0.34228,0.34114,0.34053,0.33882,0.33955,0.33909,0.34084,0.33867,0.33685,0.33771,0.33785,0.33860,0.33986,0.33964,0.33753,0.33729,0.33716,0.33590,0.33940,0.33829,0.33904,0.34168,0.35107,0.20432,0.00000,0.00000,0.00000,0.00000,0.00000,0.00000,0.00000,0.00000,0.00000,0.00000,0.00000,0.00000,0.00000,0.00000
0.00000,0.00000,0.00000,0.00000,0.00000,0.00000,0.00000,0.00000,0.00000,0.00000,0.00000,0.00000,0.29964,0.33829,0.33815,0.33840,0.34174,0.35865,0.38897,0.41152,0.40582,0.37750,0.36086,0.37364,0.38009,0.37112,0.41694,0.47901,0.49217,0.48583,0.48043,0.47624,0.47682,0.47939,0.48134,0.47972,0.47906,0.47821,0.47508,0.47704,0.47846,0.48063,0.48234,0.47910,0.47762,0.47536,0.47832,0.47904,0.47695,0.47826,0.48003,0.47709,0.47842,0.47697,0.47819,0.47759,0.47826,0.47855,0.48300,0.48557,0.49315,0.49605,0.49332,0.49450,0.49352,0.49467,0.49381,0.49099,0.48993,0.49206,0.49175,0.48869,0.48924,0.49695,0.50010,0.49899,0.49802,0.50085,0.49702,0.48955,0.48486,0.48198,0.48327,0.47961,0.47852,0.47957,0.48038,0.48028,0.48023,0.47912,0.48194,0.48141,0.47729,0.47859,0.47866,0.47908,0.47768,0.47819,0.47921,0.47779,0.47941,0.47824,0.47576,0.47482,0.47728,0.47744,0.48171,0.49133,0.49009,0.46783,0.40237,0.37127,0.37408,0.37608,0.37984,0.37542,0.37267,0.37147,0.37685,0.36875,0.36272,0.36203,0.37723,0.40813,0.41531,0.39838,0.37231,0.35038,0.34484,0.34318,0.34137,0.33995,0.33804,0.33871,0.34039,0.33871,0.33878,0.33665,0.33811,0.33893,0.33767,0.33603,0.33785,0.33829,0.33713,0.33993,0.33973,0.33836,0.33878,0.34033,0.33922,0.36578,0.40767,0.38657,0.04578,0.00000,0.00000,0.00000,0.00000,0.00000,0.00000,0.00000,0.00000,0.00000,0.00000,0.00000,0.00000,0.00000,0.00000
0.00000,0.00000,0.00000,0.00000,0.00000,0.00000,0.00000,0.00000,0.00000,0.00000,0.00000,0.00000,0.11250,0.34035,0.34015,0.33911,0.33964,0.34106,0.34429,0.34766,0.36777,0.40179,0.41931,0.40082,0.37982,0.38607,0.38004,0.37880,0.42093,0.47217,0.49516,0.49833,0.49011,0.48296,0.47697,0.47440,0.47585,0.47611,0.47956,0.47970,0.47954,0.47781,0.47726,0.47908,0.47932,0.47848,0.47802,0.47830,0.47779,0.47717,0.47689,0.47822,0.47806,0.47915,0.47861,0.48165,0.48018,0.47961,0.47877,0.48132,0.48158,0.48584,0.49425,0.49283,0.49419,0.49352,0.49013,0.49004,0.49020,0.48889,0.49066,0.49219,0.48749,0.47850,0.48269,0.48617,0.48905,0.48854,0.48163,0.48198,0.47932,0.48138,0.48096,0.48377,0.48419,0.48759,0.48876,0.48612,0.48291,0.47895,0.47930,0.47598,0.47795,0.47915,0.47781,0.48012,0.48522,0.49078,0.49108,0.49142,0.48838,0.48632,0.48654,0.48244,0.48521,0.48931,0.49104,0.49102,0.45024,0.38024,0.36237,0.36895,0.37410,0.37368,0.37271,0.35621,0.34564,0.34633,0.35439,0.36075,0.39070,0.41797,0.40469,0.36706,0.34679,0.34491,0.34090,0.33982,0.33931,0.34070,0.33991,0.33911,0.33867,0.33822,0.33847,0.33919,0.34030,0.34015,0.33917,0.33780,0.33847,0.34004,0.33829,0.33791,0.33680,0.33765,0.33815,0.34064,0.34420,0.38130,0.45520,0.50283,0.49808,0.24520,0.00000,0.00000,0.00000,0.00000,0.00000,0.00000,0.00000,0.00000,0.00000,0.00000,0.00000,0.00000,0.00000,0.00000,0.00000
0.00000,0.00000,0.00000,0.00000,0.00000,0.00000,0.00000,0.00000,0.00000,0.00000,0.00000,0.00000,0.00000,0.22485,0.33796,0.33946,0.34115,0.34135,0.33886,0.33778,0.33919,0.33942,0.34704,0.37626,0.41094,0.42147,0.40901,0.39721,0.38722,0.37781,0.39566,0.43420,0.47046,0.49321,0.49264,0.48701,0.48116,0.47966,0.47799,0.47620,0.47779,0.47888,0.47700,0.47657,0.47983,0.48070,0.47950,0.47890,0.47822,0.47948,0.48127,0.48187,0.48213,0.48152,0.48043,0.47937,0.47994,0.48054,0.48129,0.48162,0.48205,0.48043,0.47908,0.47904,0.48249,0.48736,0.49088,0.48871,0.48814,0.49068,0.48677,0.48816,0.48552,0.48577,0.48264,0.48417,0.48102,0.47935,0.47751,0.47801,0.47941,0.48721,0.49283,0.49470,0.49392,0.49607,0.49729,0.49826,0.49709,0.49416,0.49007,0.48690,0.48659,0.48969,0.49135,0.49370,0.50046,0.49751,0.49175,0.48874,0.49436,0.49565,0.49275,0.49527,0.49403,0.48548,0.45347,0.39559,0.35864,0.35359,0.36030,0.36186,0.36250,0.36744,0.37386,0.36865,0.37353,0.40855,0.41515,0.39579,0.37120,0.34679,0.34374,0.34123,0.33962,0.33774,0.33716,0.33565,0.33754,0.33807,0.33820,0.33656,0.33694,0.33512,0.33620,0.33565,0.33532,0.33632,0.33764,0.33804,0.33756,0.33811,0.33888,0.33895,0.33951,0.33971,0.34495,0.37149,0.43557,0.48909,0.47325,0.49633,0.39985,0.03893,0.00000,0.00000,0.00000,0.00000,0.00000,0.00000,0.00000,0.00000,0.00000,0.00000,0.00000,0.00000,0.00000,0.00000,0.00000
0.00000,0.00000,0.00000,0.00000,0.00000,0.00000,0.00000,0.00000,0.00000,0.00000,0.00000,0.00000,0.00000,0.03817,0.30242,0.33906,0.33829,0.33824,0.33867,0.34141,0.34110,0.34141,0.34073,0.34207,0.34383,0.35503,0.38819,0.42133,0.42667,0.40337,0.38771,0.38740,0.38141,0.39477,0.44164,0.48716,0.49554,0.49060,0.48157,0.47830,0.47755,0.47523,0.47482,0.47797,0.47768,0.47635,0.48027,0.47946,0.47937,0.47981,0.47894,0.47965,0.48136,0.47879,0.47904,0.48089,0.48300,0.48145,0.48203,0.48118,0.48194,0.48220,0.48227,0.48608,0.48566,0.48271,0.48233,0.48318,0.48324,0.47979,0.47919,0.47870,0.47977,0.47793,0.48032,0.47669,0.47751,0.47520,0.47810,0.48249,0.49161,0.49467,0.48632,0.46871,0.44288,0.43234,0.42423,0.42722,0.44441,0.46153,0.47853,0.49348,0.49633,0.49647,0.48792,0.46616,0.42603,0.39386,0.38223,0.38551,0.39748,0.40571,0.41329,0.40811,0.39495,0.37244,0.36771,0.36627,0.36602,0.36555,0.37280,0.38002,0.38811,0.40067,0.41584,0.42010,0.39462,0.36394,0.34101,0.33911,0.34121,0.33929,0.33776,0.33997,0.33871,0.33725,0.34021,0.33765,0.33607,0.33756,0.33590,0.33740,0.33738,0.33908,0.33822,0.33705,0.33798,0.33977,0.33973,0.34028,0.34201,0.34263,0.34372,0.34540,0.35548,0.38217,0.39805,0.43174,0.47596,0.43934,0.47124,0.49301,0.14279,0.00000,0.00000,0.00000,0.00000,0.00000,0.00000,0.00000,0.00000,0.00000,0.00000,0.00000,0.00000,0.00000,0.00000,0.00000,0.00000
0.00000,0.00000,0.00000,0.00000,0.00000,0.00000,0.00000,0.00000,0.00000,0.00000,0.00000,0.00000,0.00000,0.00000,0.11301,0.33818,0.33846,0.33842,0.33846,0.33884,0.33831,0.34026,0.34340,0.34303,0.34159,0.34278,0.34181,0.34332,0.36270,0.40782,0.42658,0.40860,0.39681,0.39772,0.38516,0.38203,0.41918,0.46091,0.49396,0.49336,0.48874,0.48300,0.48262,0.47770,0.47719,0.47713,0.47689,0.47970,0.47822,0.47618,0.47731,0.47635,0.47606,0.47970,0.47988,0.47553,0.47715,0.47935,0.47864,0.48039,0.48018,0.47979,0.47824,0.47901,0.48023,0.47793,0.47633,0.47622,0.47646,0.47859,0.47872,0.47883,0.47894,0.47700,0.47759,0.47753,0.47893,0.48096,0.48798,0.49222,0.48138,0.41161,0.37944,0.37171,0.36396,0.37054,0.37605,0.36983,0.36702,0.36925,0.37275,0.37940,0.38150,0.37227,0.36418,0.36318,0.37105,0.37371,0.37517,0.37517,0.37240,0.36518,0.35893,0.36618,0.37167,0.38100,0.38303,0.38348,0.39109,0.40408,0.41907,0.43115,0.43436,0.41537,0.37632,0.33960,0.33758,0.33665,0.33889,0.33630,0.33596,0.33780,0.33809,0.33822,0.33827,0.33893,0.33871,0.33851,0.34048,0.33855,0.34032,0.33979,0.33840,0.33977,0.34002,0.34070,0.34059,0.34083,0.33935,0.33984,0.34267,0.34817,0.37386,0.39546,0.39674,0.38888,0.41108,0.48311,0.52057,0.49228,0.45498,0.32610,0.00000,0.00000,0.00000,0.00000,0.00000,0.00000,0.00000,0.00000,0.00000,0.00000,0.00000,0.00000,0.00000,0.00000,0.00000,0.00000,0.00000
0.00000,0.00000,0.00000,0.00000,0.00000,0.00000,0.00000,0.00000,0.00000,0.00000,0.00000,0.00000,0.00000,0.00000,0.00000,0.22611,0.33895,0.33942,0.33971,0.33944,0.34115,0.33986,0.33891,0.33869,0.33942,0.33959,0.34039,0.34092,0.34332,0.34558,0.35855,0.39818,0.42366,0.42397,0.41167,0.40324,0.39125,0.38199,0.39346,0.43382,0.47525,0.49512,0.49662,0.49133,0.48982,0.48670,0.48360,0.48043,0.47700,0.47813,0.47662,0.47852,0.47748,0.47604,0.47762,0.47662,0.47618,0.47564,0.47813,0.47720,0.47671,0.47713,0.47917,0.47717,0.47606,0.48096,0.48333,0.48663,0.48681,0.48599,0.48871,0.49006,0.48687,0.48869,0.49108,0.49161,0.49290,0.49284,0.49605,0.48812,0.41187,0.36489,0.35129,0.34631,0.34797,0.36779,0.35116,0.35619,0.36642,0.37320,0.38363,0.37406,0.36188,0.36026,0.35999,0.36478,0.37544,0.35926,0.35896,0.36943,0.38117,0.38939,0.39541,0.40343,0.41272,0.42423,0.42966,0.42696,0.41566,0.39522,0.37679,0.35277,0.33630,0.33313,0.33563,0.33679,0.33816,0.34044,0.33984,0.33926,0.34101,0.33842,0.33800,0.34057,0.34010,0.34015,0.33979,0.34072,0.33993,0.34035,0.34099,0.33902,0.34030,0.33971,0.33980,0.34092,0.34230,0.34263,0.34531,0.36407,0.38888,0.39840,0.38658,0.39542,0.43816,0.49226,0.50787,0.46867,0.41103,0.36817,0.34101,0.00000,0.00000,0.00000,0.00000,0.00000,0.00000,0.00000,0.00000,0.00000,0.00000,0.00000,0.00000,0.00000,0.00000,0.00000,0.00000,0.00000,0.00000
0.00000,0.00000,0.00000,0.00000,0.00000,0.00000,0.00000,0.00000,0.00000,0.00000,0.00000,0.00000,0.00000,0.00000,0.00000,0.00000,0.30344,0.34232,0.34037,0.33909,0.33889,0.33827,0.33960,0.33959,0.33980,0.34097,0.34250,0.34331,0.34086,0.34013,0.34146,0.34434,0.34943,0.36234,0.38733,0.41962,0.43608,0.42244,0.40142,0.38932,0.38254,0.40058,0.43369,0.46787,0.48603,0.49669,0.49715,0.49717,0.49487,0.49346,0.48975,0.48867,0.48666,0.48517,0.48382,0.48331,0.48320,0.48346,0.48103,0.48213,0.48132,0.48092,0.47963,0.48420,0.49068,0.49398,0.49622,0.49757,0.49620,0.49620,0.49935,0.49447,0.49490,0.49895,0.49151,0.48070,0.47957,0.47657,0.44457,0.38290,0.35849,0.35904,0.35041,0.34695,0.34320,0.36473,0.35915,0.35027,0.35375,0.36314,0.36919,0.38071,0.38542,0.38779,0.39253,0.39316,0.38768,0.39050,0.39550,0.40419,0.41615,0.41996,0.41945,0.40520,0.38850,0.36250,0.34283,0.33470,0.33669,0.33747,0.33875,0.33944,0.34115,0.34090,0.33971,0.33946,0.34011,0.33988,0.34057,0.33906,0.34002,0.34052,0.34137,0.33990,0.33919,0.33902,0.33984,0.33962,0.34032,0.34094,0.34112,0.34039,0.34159,0.34145,0.34345,0.34374,0.35692,0.38560,0.40082,0.39564,0.38859,0.41794,0.46842,0.50209,0.48998,0.43604,0.38190,0.35645,0.35377,0.36675,0.04144,0.00000,0.00000,0.00000,0.00000,0.00000,0.00000,0.00000,0.00000,0.00000,0.00000,0.00000,0.00000,0.00000,0.00000,0.00000,0.00000,0.00000,0.00000
0.00000,0.00000,0.00000,0.00000,0.00000,0.00000,0.00000,0.00000,0.00000,0.00000,0.00000,0.00000,0.00000,0.00000,0.00000,0.00000,0.03810,0.33851,0.33960,0.34207,0.34146,0.34214,0.34146,0.34199,0.33966,0.34128,0.33924,0.33939,0.34028,0.34015,0.34145,0.34146,0.34101,0.34238,0.34270,0.34540,0.35198,0.38228,0.42358,0.43476,0.41599,0.39448,0.38503,0.37661,0.38049,0.39092,0.40935,0.42796,0.45288,0.47265,0.48683,0.49243,0.49598,0.49981,0.49970,0.49888,0.49766,0.49731,0.49618,0.49602,0.49436,0.49248,0.49567,0.49521,0.48236,0.44915,0.42315,0.40447,0.39987,0.41489,0.41701,0.39172,0.39597,0.40270,0.38458,0.37448,0.37517,0.37995,0.37380,0.37078,0.38062,0.38266,0.38350,0.38461,0.39216,0.39375,0.37907,0.38296,0.39121,0.39118,0.39805,0.41389,0.42138,0.42567,0.42182,0.41464,0.40516,0.38653,0.36797,0.35468,0.34795,0.34427,0.34289,0.34270,0.33849,0.34039,0.33900,0.34006,0.33805,0.33822,0.33900,0.34033,0.34072,0.34205,0.33986,0.33842,0.33897,0.33995,0.33796,0.33928,0.33913,0.33855,0.34061,0.34063,0.33946,0.33959,0.34103,0.33955,0.33953,0.34177,0.34320,0.34378,0.34547,0.35820,0.37898,0.40088,0.39989,0.39083,0.40977,0.45733,0.49839,0.50289,0.45553,0.40013,0.36363,0.35204,0.35164,0.35625,0.39318,0.14250,0.00000,0.00000,0.00000,0.00000,0.00000,0.00000,0.00000,0.00000,0.00000,0.00000,0.00000,0.00000,0.00000,0.00000,0.00000,0.00000,0.00000,0.00000,0.00000
0.00000,0.00000,0.00000,0.00000,0.00000,0.00000,0.00000,0.00000,0.00000,0.00000,0.00000,0.00000,0.00000,0.00000,0.00000,0.00000,0.00000,0.11549,0.34407,0.34145,0.34341,0.34170,0.33889,0.34057,0.34269,0.34001,0.33948,0.34214,0.34066,0.34205,0.34130,0.33897,0.33857,0.34132,0.34194,0.34156,0.34245,0.34340,0.34174,0.35873,0.40385,0.43407,0.43227,0.41859,0.40244,0.39138,0.38297,0.37851,0.37541,0.37723,0.37769,0.38378,0.39138,0.39920,0.41194,0.42518,0.42694,0.42831,0.43562,0.43970,0.44740,0.45525,0.44485,0.41542,0.38177,0.37998,0.38332,0.38151,0.38409,0.38206,0.36733,0.37822,0.37984,0.38522,0.39256,0.39674,0.40399,0.40587,0.40855,0.41787,0.42583,0.42842,0.42368,0.41730,0.41303,0.40842,0.39933,0.39187,0.38235,0.36908,0.36017,0.35375,0.34784,0.34496,0.34482,0.34409,0.34152,0.34283,0.34194,0.34028,0.33900,0.33889,0.33891,0.33946,0.33802,0.33873,0.33908,0.33895,0.33913,0.34072,0.33970,0.33796,0.33882,0.33990,0.33990,0.33912,0.33946,0.33862,0.33931,0.33973,0.33909,0.33942,0.33933,0.34064,0.34152,0.34143,0.34247,0.34227,0.34347,0.34671,0.35997,0.38272,0.40104,0.40058,0.39449,0.41090,0.45066,0.49485,0.50557,0.47303,0.41770,0.37050,0.35756,0.35519,0.35277,0.35309,0.36491,0.43369,0.32958,0.00000,0.00000,0.00000,0.00000,0.00000,0.00000,0.00000,0.00000,0.00000,0.00000,0.00000,0.00000,0.00000,0.00000,0.00000,0.00000,0.00000,0.00000,0.00000,0.00000
0.00000,0.00000,0.00000,0.00000,0.00000,0.00000,0.00000,0.00000,0.00000,0.00000,0.00000,0.00000,0.00000,0.00000,0.00000,0.00000,0.00000,0.00000,0.23017,0.34340,0.34161,0.34258,0.34341,0.34276,0.34092,0.34261,0.34163,0.34041,0.34219,0.34048,0.34181,0.34250,0.34252,0.34081,0.34092,0.34110,0.34174,0.34276,0.34441,0.34239,0.34070,0.34203,0.35991,0.39023,0.41533,0.43012,0.43675,0.42939,0.42312,0.41517,0.40740,0.40454,0.40036,0.39426,0.38935,0.38722,0.38576,0.38636,0.38540,0.38381,0.38337,0.38184,0.38255,0.38239,0.37982,0.37486,0.36852,0.37207,0.37317,0.38930,0.40935,0.40986,0.42789,0.43159,0.42368,0.41389,0.40837,0.40476,0.40106,0.38946,0.37189,0.35466,0.34331,0.34321,0.34021,0.34128,0.34157,0.34088,0.34261,0.34188,0.34166,0.34152,0.34103,0.34300,0.34106,0.34157,0.34130,0.33846,0.33926,0.33869,0.33968,0.34017,0.33960,0.33964,0.34064,0.33970,0.34157,0.33950,0.34004,0.34176,0.34139,0.34063,0.33751,0.34017,0.34033,0.33986,0.33888,0.33877,0.33917,0.33950,0.34081,0.34061,0.34132,0.33971,0.34283,0.34442,0.34553,0.34890,0.37623,0.40485,0.40237,0.39480,0.41136,0.45290,0.49503,0.50761,0.47941,0.42751,0.37978,0.35831,0.35240,0.35031,0.34938,0.35083,0.35610,0.38751,0.46703,0.44807,0.00000,0.00000,0.00000,0.00000,0.00000,0.00000,0.00000,0.00000,0.00000,0.00000,0.00000,0.00000,0.00000,0.00000,0.00000,0.00000,0.00000,0.00000,0.00000,0.00000,0.00000
0.00000,0.00000,0.00000,0.00000,0.00000,0.00000,0.00000,0.00000,0.00000,0.00000,0.00000,0.00000,0.00000,0.00000,0.00000,0.00000,0.00000,0.00000,0.00000,0.26964,0.34613,0.34518,0.34495,0.34361,0.34316,0.34351,0.34207,0.34296,0.34400,0.34343,0.34115,0.34154,0.34181,0.34250,0.34143,0.34358,0.34225,0.34148,0.34091,0.34086,0.34130,0.34318,0.34529,0.34329,0.34201,0.34101,0.34637,0.36498,0.38261,0.39367,0.40527,0.41278,0.42122,0.42824,0.43560,0.43755,0.43666,0.43744,0.43604,0.43312,0.43338,0.43383,0.43449,0.43400,0.43305,0.42959,0.42206,0.41615,0.41491,0.40988,0.39789,0.38215,0.36489,0.35253,0.34527,0.34454,0.34367,0.34250,0.34338,0.34230,0.34248,0.34024,0.33990,0.33951,0.34077,0.34050,0.34239,0.34108,0.34188,0.33975,0.34083,0.34310,0.33960,0.33835,0.33889,0.33769,0.33827,0.33880,0.33911,0.33906,0.33982,0.34021,0.34088,0.34072,0.34033,0.33973,0.34026,0.34055,0.34041,0.33993,0.33933,0.34075,0.33878,0.33931,0.33993,0.33953,0.34156,0.34176,0.34141,0.34152,0.34256,0.34307,0.34524,0.34467,0.34526,0.34777,0.37442,0.40578,0.40789,0.42271,0.46083,0.49820,0.50798,0.47389,0.42468,0.38099,0.35902,0.35134,0.35289,0.35054,0.35193,0.35178,0.35269,0.36660,0.42235,0.48874,0.39030,0.04548,0.00000,0.00000,0.00000,0.00000,0.00000,0.00000,0.00000,0.00000,0.00000,0.00000,0.00000,0.00000,0.00000,0.00000,0.00000,0.00000,0.00000,0.00000,0.00000,0.00000,0.00000
0.00000,0.00000,0.00000,0.00000,0.00000,0.00000,0.00000,0.00000,0.00000,0.00000,0.00000,0.00000,0.00000,0.00000,0.00000,0.00000,0.00000,0.00000,0.00000,0.03879,0.31822,0.35078,0.34670,0.34613,0.34480,0.34489,0.34600,0.34500,0.34174,0.34094,0.34294,0.34305,0.34243,0.34296,0.34101,0.33805,0.34146,0.34002,0.33976,0.34117,0.34192,0.34392,0.34247,0.34278,0.34208,0.34535,0.34296,0.34004,0.33822,0.33831,0.34227,0.34327,0.34152,0.34134,0.34125,0.34506,0.34613,0.34737,0.35074,0.35734,0.36068,0.36303,0.36071,0.35395,0.35010,0.34806,0.34551,0.34157,0.34128,0.34094,0.34145,0.34174,0.34021,0.34123,0.34115,0.34022,0.34111,0.34143,0.34050,0.34177,0.33966,0.34104,0.34037,0.34081,0.34037,0.33950,0.34039,0.34039,0.34026,0.33997,0.33824,0.33946,0.33997,0.33880,0.33977,0.33820,0.33820,0.33875,0.33866,0.34015,0.33950,0.34281,0.34033,0.33960,0.34013,0.34094,0.33866,0.34112,0.34030,0.33959,0.34013,0.33960,0.34026,0.34035,0.33939,0.34174,0.34125,0.34316,0.34340,0.34323,0.34436,0.34617,0.34941,0.35820,0.38903,0.42534,0.43943,0.45649,0.49813,0.49797,0.46404,0.41320,0.37772,0.35650,0.35359,0.35273,0.35094,0.35216,0.35320,0.35182,0.35410,0.35989,0.39437,0.47312,0.47276,0.38563,0.07759,0.00000,0.00000,0.00000,0.00000,0.00000,0.00000,0.00000,0.00000,0.00000,0.00000,0.00000,0.00000,0.00000,0.00000,0.00000,0.00000,0.00000,0.00000,0.00000,0.00000,0.00000,0.00000
0.00000,0.00000,0.00000,0.00000,0.00000,0.00000,0.00000,0.00000,0.00000,0.00000,0.00000,0.00000,0.00000,0.00000,0.00000,0.00000,0.00000,0.00000,0.00000,0.00000,0.04829,0.39765,0.41867,0.38394,0.36141,0.35293,0.34679,0.34617,0.34710,0.34701,0.34411,0.34323,0.34423,0.34238,0.34059,0.34163,0.34132,0.34106,0.34137,0.34289,0.34217,0.34081,0.34114,0.34046,0.34177,0.33984,0.34015,0.33944,0.34083,0.33904,0.33805,0.33649,0.33765,0.34088,0.34236,0.34323,0.34465,0.34540,0.34518,0.34580,0.34537,0.34515,0.34569,0.34438,0.34057,0.34157,0.34236,0.34367,0.34234,0.34190,0.34114,0.34168,0.34190,0.33940,0.34032,0.34112,0.34033,0.34203,0.33917,0.33875,0.34132,0.34086,0.34073,0.34095,0.33840,0.33917,0.34072,0.33995,0.34095,0.33906,0.33829,0.33895,0.33950,0.33986,0.33875,0.33851,0.33968,0.33909,0.34052,0.34101,0.34077,0.34001,0.34130,0.34097,0.34041,0.34183,0.34170,0.33986,0.34154,0.34135,0.34132,0.34214,0.34241,0.34360,0.34272,0.34404,0.34549,0.34622,0.35016,0.35731,0.37373,0.40735,0.44745,0.48078,0.50021,0.49941,0.48101,0.44076,0.39991,0.36950,0.35833,0.35443,0.35457,0.35103,0.35255,0.35227,0.35156,0.35087,0.35200,0.35450,0.36390,0.42264,0.49055,0.43799,0.35512,0.11268,0.00000,0.00000,0.00000,0.00000,0.00000,0.00000,0.00000,0.00000,0.00000,0.00000,0.00000,0.00000,0.00000,0.00000,0.00000,0.00000,0.00000,0.00000,0.00000,0.00000,0.00000,0.00000,0.00000
0.00000,0.00000,0.00000,0.00000,0.00000,0.00000,0.00000,0.00000,0.00000,0.00000,0.00000,0.00000,0.00000,0.00000,0.00000,0.00000,0.00000,0.00000,0.00000,0.00000,0.00000,0.17085,0.49904,0.49974,0.48347,0.45478,0.42348,0.39322,0.36894,0.35754,0.35185,0.34870,0.34515,0.34310,0.34429,0.34312,0.34181,0.34177,0.34022,0.34090,0.34033,0.34094,0.34269,0.34108,0.34303,0.34314,0.34360,0.34394,0.34511,0.34274,0.34378,0.34402,0.34345,0.34086,0.34152,0.34259,0.34307,0.34207,0.34290,0.34123,0.34210,0.34380,0.34252,0.34358,0.34258,0.34334,0.34217,0.34456,0.34267,0.34341,0.34227,0.34084,0.34061,0.34305,0.34154,0.34274,0.34028,0.33955,0.34170,0.34248,0.34128,0.34161,0.34044,0.33951,0.33993,0.33919,0.34033,0.33908,0.33751,0.34015,0.33917,0.33968,0.34001,0.33911,0.33895,0.34048,0.34032,0.34152,0.34073,0.34101,0.34157,0.34156,0.34095,0.34134,0.34300,0.34230,0.34360,0.34276,0.34248,0.34496,0.34580,0.34409,0.34715,0.34825,0.35142,0.36079,0.38332,0.41599,0.44774,0.48264,0.50588,0.50932,0.48909,0.45356,0.41200,0.37668,0.36099,0.35503,0.35390,0.35198,0.35187,0.35160,0.35178,0.35023,0.35107,0.35031,0.35118,0.35233,0.35512,0.38038,0.46081,0.48147,0.39426,0.33993,0.11131,0.00000,0.00000,0.00000,0.00000,0.00000,0.00000,0.00000,0.00000,0.00000,0.00000,0.00000,0.00000,0.00000,0.00000,0.00000,0.00000,0.00000,0.00000,0.00000,0.00000,0.00000,0.00000,0.00000,0.00000
0.00000,0.00000,0.00000,0.00000,0.00000,0.00000,0.00000,0.00000,0.00000,0.00000,0.00000,0.00000,0.00000,0.00000,0.00000,0.00000,0.00000,0.00000,0.00000,0.00000,0.00000,0.00000,0.13383,0.40603,0.44609,0.47804,0.49994,0.50391,0.49308,0.46721,0.43806,0.40988,0.38522,0.36483,0.35618,0.34941,0.34843,0.34763,0.34828,0.34688,0.34644,0.34491,0.34653,0.34693,0.34546,0.34444,0.34219,0.34538,0.34444,0.34493,0.34301,0.34363,0.34445,0.34496,0.34369,0.34223,0.34207,0.33937,0.34128,0.34227,0.34236,0.34267,0.34201,0.34278,0.34376,0.34351,0.34341,0.34341,0.34292,0.34225,0.34287,0.34150,0.34188,0.34378,0.34123,0.34126,0.34196,0.34247,0.34108,0.34289,0.34203,0.34024,0.34081,0.34021,0.33977,0.34072,0.33946,0.34048,0.33973,0.33990,0.34004,0.34073,0.34146,0.34154,0.34165,0.34139,0.34101,0.34261,0.34106,0.34256,0.34290,0.34281,0.34376,0.34476,0.34500,0.34721,0.34648,0.34921,0.34908,0.35094,0.35621,0.37333,0.39541,0.42563,0.45773,0.49043,0.50978,0.50500,0.48668,0.45219,0.41509,0.38042,0.36141,0.35459,0.35322,0.35348,0.35229,0.35175,0.35162,0.35007,0.35047,0.35045,0.35038,0.34914,0.35007,0.35094,0.35277,0.36261,0.41429,0.48513,0.44512,0.36257,0.33538,0.22095,0.00000,0.00000,0.00000,0.00000,0.00000,0.00000,0.00000,0.00000,0.00000,0.00000,0.00000,0.00000,0.00000,0.00000,0.00000,0.00000,0.00000,0.00000,0.00000,0.00000,0.00000,0.00000,0.00000,0.00000,0.00000
0.00000,0.00000,0.00000,0.00000,0.00000,0.00000,0.00000,0.00000,0.00000,0.00000,0.00000,0.00000,0.00000,0.00000,0.00000,0.00000,0.00000,0.00000,0.00000,0.00000,0.00000,0.00000,0.00000,0.11787,0.35404,0.36068,0.37422,0.39914,0.42977,0.46470,0.49150,0.50522,0.50732,0.49459,0.47420,0.44938,0.42029,0.39614,0.37482,0.36062,0.35597,0.35319,0.35158,0.34752,0.34792,0.34732,0.34819,0.34524,0.34529,0.34515,0.34544,0.34668,0.34476,0.34509,0.34586,0.34526,0.34203,0.34418,0.34347,0.34203,0.34028,0.34163,0.34309,0.34347,0.34338,0.34431,0.34318,0.34283,0.34228,0.34247,0.34420,0.34372,0.34250,0.34252,0.34254,0.34276,0.34248,0.34338,0.34130,0.34104,0.34172,0.34245,0.34305,0.34208,0.34099,0.34055,0.34112,0.34265,0.34046,0.34177,0.34174,0.34400,0.34403,0.34491,0.34371,0.34334,0.34516,0.34567,0.34447,0.34648,0.34837,0.34952,0.35147,0.34969,0.35707,0.36706,0.38228,0.40547,0.43327,0.46308,0.48975,0.50850,0.51476,0.50191,0.47593,0.43711,0.39748,0.37244,0.35803,0.35432,0.35452,0.35200,0.35286,0.35196,0.35154,0.35012,0.34959,0.34992,0.35040,0.34910,0.35109,0.34783,0.34949,0.34992,0.35071,0.35556,0.38197,0.45673,0.48477,0.40075,0.34715,0.33231,0.21938,0.00000,0.00000,0.00000,0.00000,0.00000,0.00000,0.00000,0.00000,0.00000,0.00000,0.00000,0.00000,0.00000,0.00000,0.00000,0.00000,0.00000,0.00000,0.00000,0.00000,0.00000,0.00000,0.00000,0.00000,0.00000,0.00000
0.00000,0.00000,0.00000,0.00000,0.00000,0.00000,0.00000,0.00000,0.00000,0.00000,0.00000,0.00000,0.00000,0.00000,0.00000,0.00000,0.00000,0.00000,0.00000,0.00000,0.00000,0.00000,0.00000,0.00000,0.11718,0.35280,0.35122,0.35326,0.35324,0.35665,0.36259,0.37840,0.40665,0.43600,0.46796,0.49407,0.51129,0.51383,0.50424,0.48351,0.46123,0.43755,0.41391,0.39497,0.37834,0.36766,0.35853,0.35457,0.35353,0.35202,0.34996,0.34927,0.35056,0.34792,0.34759,0.34819,0.34972,0.34670,0.34513,0.34478,0.34480,0.34460,0.34383,0.34405,0.34279,0.34434,0.34560,0.34351,0.34449,0.34394,0.34476,0.34433,0.34276,0.34537,0.34431,0.34453,0.34513,0.34267,0.34303,0.34283,0.34372,0.34369,0.34356,0.34203,0.34414,0.34405,0.34504,0.34385,0.34456,0.34664,0.34722,0.34715,0.34839,0.34932,0.34974,0.35122,0.34967,0.35658,0.36174,0.37255,0.38977,0.41023,0.43079,0.45908,0.48109,0.50254,0.51567,0.51653,0.50517,0.48399,0.45148,0.41353,0.38310,0.36334,0.35417,0.35103,0.35231,0.35127,0.35087,0.35297,0.35175,0.35076,0.35041,0.34941,0.34952,0.35094,0.34795,0.34743,0.34850,0.34848,0.35010,0.35049,0.35027,0.35229,0.36161,0.41325,0.48925,0.45192,0.36885,0.33851,0.32967,0.22033,0.00000,0.00000,0.00000,0.00000,0.00000,0.00000,0.00000,0.00000,0.00000,0.00000,0.00000,0.00000,0.00000,0.00000,0.00000,0.00000,0.00000,0.00000,0.00000,0.00000,0.00000,0.00000,0.00000,0.00000,0.00000,0.00000,0.00000
0.00000,0.00000,0.00000,0.00000,0.00000,0.00000,0.00000,0.00000,0.00000,0.00000,0.00000,0.00000,0.00000,0.00000,0.00000,0.00000,0.00000,0.00000,0.00000,0.00000,0.00000,0.00000,0.00000,0.00000,0.00000,0.11704,0.35144,0.35171,0.35021,0.35067,0.35175,0.35322,0.35014,0.34854,0.35151,0.35882,0.37262,0.39617,0.42702,0.46047,0.48393,0.50214,0.51377,0.51437,0.51024,0.49850,0.48351,0.46663,0.44991,0.43212,0.41681,0.40053,0.38687,0.37922,0.36963,0.36319,0.35752,0.35552,0.35483,0.35448,0.35308,0.35180,0.35014,0.34899,0.34907,0.34841,0.34826,0.34976,0.34815,0.34744,0.34750,0.34739,0.34826,0.34856,0.34908,0.34788,0.34757,0.35012,0.34932,0.34872,0.34981,0.34868,0.34894,0.34950,0.35007,0.35069,0.35295,0.35528,0.35822,0.36305,0.37324,0.38141,0.39336,0.41083,0.42527,0.44519,0.46379,0.48001,0.49729,0.51097,0.51906,0.51640,0.50778,0.48902,0.46216,0.43312,0.40080,0.37492,0.35661,0.34949,0.34633,0.34896,0.35020,0.34985,0.35196,0.35226,0.35240,0.35107,0.35027,0.34961,0.35036,0.34943,0.34892,0.34925,0.34777,0.34921,0.34834,0.34976,0.34899,0.34812,0.34914,0.35060,0.35488,0.37894,0.45542,0.48956,0.41001,0.34797,0.33428,0.33098,0.21900,0.00000,0.00000,0.00000,0.00000,0.00000,0.00000,0.00000,0.00000,0.00000,0.00000,0.00000,0.00000,0.00000,0.00000,0.00000,0.00000,0.00000,0.00000,0.00000,0.00000,0.00000,0.00000,0.00000,0.00000,0.00000,0.00000,0.00000,0.00000
0.00000,0.00000,0.00000,0.00000,0.00000,0.00000,0.00000,0.00000,0.00000,0.00000,0.00000,0.00000,0.00000,0.00000,0.00000,0.00000,0.00000,0.00000,0.00000,0.00000,0.00000,0.00000,0.00000,0.00000,0.00000,0.00000,0.11640,0.35041,0.35224,0.35025,0.34899,0.35034,0.35227,0.35091,0.35275,0.34835,0.34859,0.34715,0.34736,0.34945,0.35231,0.35978,0.37461,0.39304,0.41296,0.43952,0.45819,0.47977,0.49474,0.50695,0.51434,0.52196,0.51922,0.51146,0.50358,0.49551,0.48801,0.47664,0.46747,0.45733,0.44731,0.43715,0.42997,0.42246,0.41413,0.40782,0.40078,0.39778,0.39309,0.39107,0.39121,0.38928,0.39236,0.38932,0.39028,0.39315,0.39526,0.40246,0.40554,0.40857,0.41717,0.42250,0.43001,0.44063,0.44889,0.45899,0.46931,0.48174,0.49086,0.50028,0.50883,0.51691,0.52013,0.51895,0.51193,0.50191,0.48419,0.46565,0.44833,0.41799,0.39449,0.37238,0.36144,0.35093,0.34606,0.34515,0.34491,0.34628,0.34877,0.34943,0.35085,0.35040,0.35136,0.35091,0.35031,0.35007,0.35100,0.35021,0.34899,0.34992,0.34894,0.34830,0.34832,0.34832,0.34841,0.34852,0.34843,0.34812,0.34910,0.34965,0.35213,0.36090,0.40901,0.49047,0.45875,0.37063,0.34019,0.33397,0.33126,0.21947,0.00000,0.00000,0.00000,0.00000,0.00000,0.00000,0.00000,0.00000,0.00000,0.00000,0.00000,0.00000,0.00000,0.00000,0.00000,0.00000,0.00000,0.00000,0.00000,0.00000,0.00000,0.00000,0.00000,0.00000,0.00000,0.00000,0.00000,0.00000,0.00000
0.00000,0.00000,0.00000,0.00000,0.00000,0.00000,0.00000,0.00000,0.00000,0.00000,0.00000,0.00000,0.00000,0.00000,0.00000,0.00000,0.00000,0.00000,0.00000,0.00000,0.00000,0.00000,0.00000,0.00000,0.00000,0.00000,0.00000,0.11622,0.30932,0.35062,0.35102,0.34994,0.35100,0.35067,0.34974,0.35089,0.34963,0.34974,0.34888,0.34779,0.34715,0.34863,0.34777,0.34670,0.34899,0.34764,0.35021,0.35005,0.35512,0.36418,0.37389,0.38988,0.40033,0.42290,0.43890,0.45241,0.46351,0.47746,0.48577,0.49631,0.50192,0.51049,0.51277,0.51434,0.51811,0.52152,0.52123,0.51833,0.51795,0.51937,0.51618,0.51684,0.51833,0.51966,0.51964,0.51937,0.51921,0.51910,0.51789,0.51709,0.51554,0.51713,0.51288,0.50336,0.49755,0.49058,0.47956,0.46583,0.45649,0.44100,0.42539,0.40727,0.38935,0.37630,0.36540,0.35783,0.35200,0.34899,0.34784,0.34717,0.34639,0.34598,0.34524,0.34684,0.34712,0.34841,0.34825,0.35065,0.35049,0.35076,0.35102,0.35102,0.35058,0.35000,0.34905,0.34821,0.34967,0.34970,0.34821,0.34804,0.34841,0.34828,0.34839,0.34640,0.34812,0.34819,0.34806,0.34930,0.34921,0.35439,0.38055,0.45589,0.49359,0.41305,0.35233,0.33773,0.33249,0.32932,0.22031,0.00000,0.00000,0.00000,0.00000,0.00000,0.00000,0.00000,0.00000,0.00000,0.00000,0.00000,0.00000,0.00000,0.00000,0.00000,0.00000,0.00000,0.00000,0.00000,0.00000,0.00000,0.00000,0.00000,0.00000,0.00000,0.00000,0.00000,0.00000,0.00000,0.00000
0.00000,0.00000,0.00000,0.00000,0.00000,0.00000,0.00000,0.00000,0.00000,0.00000,0.00000,0.00000,0.00000,0.00000,0.00000,0.00000,0.00000,0.00000,0.00000,0.00000,0.00000,0.00000,0.00000,0.00000,0.00000,0.00000,0.00000,0.00000,0.03918,0.31058,0.34925,0.34992,0.34950,0.34899,0.34950,0.34981,0.34908,0.34947,0.35053,0.34994,0.34859,0.34730,0.34662,0.34863,0.34735,0.34693,0.34914,0.34903,0.34801,0.34724,0.34885,0.34773,0.34826,0.34861,0.34826,0.34781,0.34938,0.34943,0.35052,0.35514,0.36019,0.36153,0.36525,0.37154,0.37688,0.38436,0.38503,0.38935,0.39207,0.39169,0.39586,0.39646,0.39488,0.39717,0.39486,0.39513,0.39003,0.38729,0.38243,0.37714,0.37472,0.36988,0.36664,0.36141,0.35689,0.35514,0.35253,0.35242,0.34989,0.35082,0.34883,0.34918,0.34932,0.34781,0.34775,0.34646,0.34823,0.34682,0.34626,0.34631,0.34566,0.34651,0.34704,0.34801,0.34894,0.35060,0.34992,0.35012,0.34967,0.35021,0.35012,0.34979,0.34872,0.34912,0.34907,0.34829,0.34693,0.34799,0.34757,0.34879,0.34677,0.34786,0.34781,0.34834,0.34728,0.34866,0.34992,0.35216,0.36112,0.41035,0.48863,0.46417,0.37641,0.34172,0.33714,0.33235,0.32958,0.22102,0.00000,0.00000,0.00000,0.00000,0.00000,0.00000,0.00000,0.00000,0.00000,0.00000,0.00000,0.00000,0.00000,0.00000,0.00000,0.00000,0.00000,0.00000,0.00000,0.00000,0.00000,0.00000,0.00000,0.00000,0.00000,0.00000,0.00000,0.00000,0.00000,0.00000,0.00000
0.00000,0.00000,0.00000,0.00000,0.00000,0.00000,0.00000,0.00000,0.00000,0.00000,0.00000,0.00000,0.00000,0.00000,0.00000,0.00000,0.00000,0.00000,0.00000,0.00000,0.00000,0.00000,0.00000,0.00000,0.00000,0.00000,0.00000,0.00000,0.00000,0.03867,0.27124,0.34826,0.34806,0.34939,0.34959,0.34690,0.34856,0.35122,0.34908,0.34845,0.34883,0.34970,0.34919,0.34795,0.34717,0.34834,0.34724,0.34675,0.34728,0.34938,0.34854,0.34835,0.34786,0.34826,0.34814,0.34954,0.34912,0.34912,0.35062,0.34832,0.34748,0.34766,0.34708,0.34781,0.34712,0.34808,0.34801,0.34770,0.34841,0.34764,0.34865,0.34695,0.34772,0.34648,0.34682,0.34664,0.34613,0.34826,0.34797,0.34826,0.34890,0.34790,0.34897,0.34952,0.34877,0.34887,0.34879,0.35007,0.34845,0.34804,0.34837,0.34865,0.34812,0.34660,0.34825,0.34795,0.34577,0.34580,0.34701,0.34739,0.34832,0.34810,0.34928,0.34934,0.34987,0.34923,0.35000,0.34998,0.34817,0.34927,0.34872,0.34978,0.34755,0.34815,0.34713,0.34870,0.34728,0.34686,0.34640,0.34724,0.34797,0.34732,0.34732,0.34888,0.34963,0.35021,0.35340,0.37747,0.45383,0.49698,0.42045,0.35299,0.33840,0.33383,0.33157,0.33034,0.11042,0.00000,0.00000,0.00000,0.00000,0.00000,0.00000,0.00000,0.00000,0.00000,0.00000,0.00000,0.00000,0.00000,0.00000,0.00000,0.00000,0.00000,0.00000,0.00000,0.00000,0.00000,0.00000,0.00000,0.00000,0.00000,0.00000,0.00000,0.00000,0.00000,0.00000,0.00000,0.00000
0.00000,0.00000,0.00000,0.00000,0.00000,0.00000,0.00000,0.00000,0.00000,0.00000,0.00000,0.00000,0.00000,0.00000,0.00000,0.00000,0.00000,0.00000,0.00000,0.00000,0.00000,0.00000,0.00000,0.00000,0.00000,0.00000,0.00000,0.00000,0.00000,0.00000,0.00000,0.23232,0.34870,0.34713,0.34790,0.34890,0.34979,0.34817,0.34885,0.34781,0.34910,0.34921,0.35043,0.34865,0.35093,0.34788,0.34748,0.34688,0.34768,0.34715,0.34682,0.34877,0.34673,0.34677,0.34815,0.34949,0.34859,0.34799,0.34912,0.34837,0.34921,0.34775,0.34766,0.34825,0.34722,0.34613,0.34686,0.34659,0.34551,0.34651,0.34617,0.34606,0.34812,0.34664,0.34681,0.34577,0.34770,0.34624,0.34686,0.34755,0.34704,0.34763,0.34717,0.34826,0.34691,0.34706,0.34651,0.34633,0.34651,0.34735,0.34577,0.34757,0.34757,0.34620,0.34615,0.34640,0.34743,0.34728,0.34730,0.34907,0.34949,0.34872,0.34956,0.34868,0.34978,0.34901,0.34839,0.34843,0.34830,0.34761,0.34735,0.34801,0.34894,0.34737,0.34648,0.34743,0.34739,0.34744,0.34719,0.34724,0.34704,0.34890,0.34783,0.34879,0.35162,0.36141,0.41178,0.48872,0.46856,0.37889,0.34300,0.33718,0.33466,0.33080,0.33076,0.11093,0.00000,0.00000,0.00000,0.00000,0.00000,0.00000,0.00000,0.00000,0.00000,0.00000,0.00000,0.00000,0.00000,0.00000,0.00000,0.00000,0.00000,0.00000,0.00000,0.00000,0.00000,0.00000,0.00000,0.00000,0.00000,0.00000,0.00000,0.00000,0.00000,0.00000,0.00000,0.00000,0.00000
0.00000,0.00000,0.00000,0.00000,0.00000,0.00000,0.00000,0.00000,0.00000,0.00000,0.00000,0.00000,0.00000,0.00000,0.00000,0.00000,0.00000,0.00000,0.00000,0.00000,0.00000,0.00000,0.00000,0.00000,0.00000,0.00000,0.00000,0.00000,0.00000,0.00000,0.00000,0.00000,0.15368,0.34753,0.34828,0.34894,0.34786,0.34819,0.34809,0.34794,0.34916,0.34996,0.34892,0.34863,0.34908,0.34755,0.34932,0.34825,0.34784,0.34743,0.34679,0.34593,0.34622,0.34804,0.34914,0.34872,0.34688,0.34759,0.34710,0.34746,0.34646,0.34617,0.34821,0.34733,0.34646,0.34759,0.34695,0.34606,0.34575,0.34582,0.34608,0.34535,0.34664,0.34799,0.34637,0.34609,0.34754,0.34624,0.34542,0.34575,0.34655,0.34527,0.34564,0.34471,0.34529,0.34611,0.34591,0.34591,0.34577,0.34478,0.34591,0.34453,0.34642,0.34648,0.34735,0.34752,0.34808,0.34879,0.34772,0.34799,0.34773,0.34823,0.34775,0.34804,0.34790,0.34701,0.34801,0.34644,0.34825,0.34752,0.34615,0.34712,0.34659,0.34832,0.34677,0.34787,0.34642,0.34779,0.34715,0.34826,0.34772,0.34850,0.35160,0.35446,0.37818,0.45278,0.49850,0.42282,0.35475,0.33898,0.33671,0.33224,0.33155,0.29509,0.07398,0.00000,0.00000,0.00000,0.00000,0.00000,0.00000,0.00000,0.00000,0.00000,0.00000,0.00000,0.00000,0.00000,0.00000,0.00000,0.00000,0.00000,0.00000,0.00000,0.00000,0.00000,0.00000,0.00000,0.00000,0.00000,0.00000,0.00000,0.00000,0.00000,0.00000,0.00000,0.00000,0.00000,0.00000
0.00000,0.00000,0.00000,0.00000,0.00000,0.00000,0.00000,0.00000,0.00000,0.00000,0.00000,0.00000,0.00000,0.00000,0.00000,0.00000,0.00000,0.00000,0.00000,0.00000,0.00000,0.00000,0.00000,0.00000,0.00000,0.00000,0.00000,0.00000,0.00000,0.00000,0.00000,0.00000,0.00000,0.07748,0.30934,0.34671,0.34881,0.34644,0.34830,0.34856,0.34923,0.34857,0.34790,0.34848,0.34797,0.34845,0.34863,0.34792,0.34768,0.34759,0.34828,0.34589,0.34741,0.34735,0.34489,0.34531,0.34691,0.34606,0.34670,0.34626,0.34764,0.34677,0.34591,0.34635,0.34712,0.34595,0.34549,0.34608,0.34715,0.34733,0.34660,0.34784,0.34750,0.34628,0.34639,0.34598,0.34535,0.34617,0.34526,0.34475,0.34442,0.34520,0.34405,0.34403,0.34372,0.34480,0.34644,0.34442,0.34597,0.34487,0.34425,0.34655,0.34655,0.34688,0.34717,0.34903,0.34743,0.34752,0.34781,0.34797,0.34582,0.34757,0.34739,0.34580,0.34863,0.34547,0.34757,0.34666,0.34655,0.34600,0.34651,0.34593,0.34755,0.34648,0.34637,0.34735,0.34679,0.34835,0.34801,0.34883,0.34916,0.35036,0.35740,0.39962,0.48969,0.47226,0.38412,0.34323,0.33776,0.33481,0.33363,0.33177,0.29574,0.03697,0.00000,0.00000,0.00000,0.00000,0.00000,0.00000,0.00000,0.00000,0.00000,0.00000,0.00000,0.00000,0.00000,0.00000,0.00000,0.00000,0.00000,0.00000,0.00000,0.00000,0.00000,0.00000,0.00000,0.00000,0.00000,0.00000,0.00000,0.00000,0.00000,0.00000,0.00000,0.00000,0.00000,0.00000,0.00000
0.00000,0.00000,0.00000,0.00000,0.00000,0.00000,0.00000,0.00000,0.00000,0.00000,0.00000,0.00000,0.00000,0.00000,0.00000,0.00000,0.00000,0.00000,0.00000,0.00000,0.00000,0.00000,0.00000,0.00000,0.00000,0.00000,0.00000,0.00000,0.00000,0.00000,0.00000,0.00000,0.00000,0.00000,0.02909,0.17368,0.31907,0.34675,0.34800,0.34847,0.34733,0.34737,0.34821,0.34832,0.34718,0.34714,0.34707,0.34828,0.34639,0.34811,0.34696,0.34781,0.34712,0.34713,0.34400,0.34537,0.34513,0.34547,0.34624,0.34702,0.34546,0.34692,0.34725,0.34679,0.34610,0.34614,0.34613,0.34629,0.34686,0.34561,0.34586,0.34650,0.34647,0.34580,0.34545,0.34535,0.34552,0.34568,0.34438,0.34519,0.34460,0.34528,0.34366,0.34404,0.34322,0.34405,0.34371,0.34397,0.34418,0.34576,0.34535,0.34725,0.34751,0.34686,0.34661,0.34733,0.34765,0.34616,0.34669,0.34591,0.34731,0.34588,0.34624,0.34750,0.34643,0.34620,0.34597,0.34661,0.34565,0.34579,0.34647,0.34640,0.34629,0.34712,0.34606,0.34809,0.34733,0.34837,0.34947,0.35157,0.35544,0.38503,0.45658,0.48238,0.41112,0.35305,0.33890,0.33508,0.33406,0.33281,0.30494,0.16594,0.00000,0.00000,0.00000,0.00000,0.00000,0.00000,0.00000,0.00000,0.00000,0.00000,0.00000,0.00000,0.00000,0.00000,0.00000,0.00000,0.00000,0.00000,0.00000,0.00000,0.00000,0.00000,0.00000,0.00000,0.00000,0.00000,0.00000,0.00000,0.00000,0.00000,0.00000,0.00000,0.00000,0.00000,0.00000,0.00000,0.00000
0.00000,0.00000,0.00000,0.00000,0.00000,0.00000,0.00000,0.00000,0.00000,0.00000,0.00000,0.00000,0.00000,0.00000,0.00000,0.00000,0.00000,0.00000,0.00000,0.00000,0.00000,0.00000,0.00000,0.00000,0.00000,0.00000,0.00000,0.00000,0.00000,0.00000,0.00000,0.00000,0.00000,0.00000,0.00000,0.00000,0.03852,0.23152,0.34709,0.34850,0.34739,0.34673,0.34690,0.34662,0.34690,0.34794,0.34646,0.34744,0.34726,0.34593,0.34748,0.34773,0.34606,0.34624,0.34566,0.34693,0.34715,0.34659,0.34537,0.34670,0.34664,0.34551,0.34495,0.34584,0.34611,0.34591,0.34584,0.34620,0.34434,0.34537,0.34440,0.34445,0.34473,0.34458,0.34331,0.34544,0.34624,0.34515,0.34462,0.34560,0.34469,0.34504,0.34292,0.34506,0.34438,0.34453,0.34338,0.34578,0.34628,0.34547,0.34537,0.34588,0.34526,0.34588,0.34642,0.34551,0.34593,0.34617,0.34735,0.34513,0.34624,0.34691,0.34544,0.34588,0.34564,0.34653,0.34526,0.34753,0.34622,0.34598,0.34631,0.34675,0.34743,0.34730,0.34775,0.34852,0.34810,0.35034,0.35249,0.36885,0.43112,0.49809,0.43460,0.35887,0.33940,0.33567,0.33426,0.33332,0.33122,0.29629,0.03746,0.00000,0.00000,0.00000,0.00000,0.00000,0.00000,0.00000,0.00000,0.00000,0.00000,0.00000,0.00000,0.00000,0.00000,0.00000,0.00000,0.00000,0.00000,0.00000,0.00000,0.00000,0.00000,0.00000,0.00000,0.00000,0.00000,0.00000,0.00000,0.00000,0.00000,0.00000,0.00000,0.00000,0.00000,0.00000,0.00000,0.00000,0.00000
0.00000,0.00000,0.00000,0.00000,0.00000,0.00000,0.00000,0.00000,0.00000,0.00000,0.00000,0.00000,0.00000,0.00000,0.00000,0.00000,0.00000,0.00000,0.00000,0.00000,0.00000,0.00000,0.00000,0.00000,0.00000,0.00000,0.00000,0.00000,0.00000,0.00000,0.00000,0.00000,0.00000,0.00000,0.00000,0.00000,0.00000,0.00000,0.14521,0.34681,0.34582,0.34744,0.34679,0.34817,0.34750,0.34715,0.34726,0.34613,0.34744,0.34732,0.34752,0.34653,0.34644,0.34589,0.34766,0.34912,0.34495,0.34712,0.34815,0.34609,0.34715,0.34538,0.34451,0.34542,0.34413,0.34475,0.34598,0.34533,0.34464,0.34475,0.34423,0.34440,0.34498,0.34431,0.34462,0.34449,0.34448,0.34338,0.34434,0.34378,0.34580,0.34537,0.34613,0.34553,0.34693,0.34567,0.34637,0.34631,0.34498,0.34589,0.34535,0.34560,0.34575,0.34580,0.34595,0.34495,0.34496,0.34562,0.34682,0.34562,0.34564,0.34546,0.34604,0.34659,0.34569,0.34597,0.34626,0.34611,0.34724,0.34549,0.34735,0.34739,0.34775,0.34757,0.34932,0.34963,0.35151,0.35692,0.38884,0.47389,0.48247,0.39185,0.34500,0.33827,0.33512,0.33301,0.33341,0.33218,0.18553,0.00000,0.00000,0.00000,0.00000,0.00000,0.00000,0.00000,0.00000,0.00000,0.00000,0.00000,0.00000,0.00000,0.00000,0.00000,0.00000,0.00000,0.00000,0.00000,0.00000,0.00000,0.00000,0.00000,0.00000,0.00000,0.00000,0.00000,0.00000,0.00000,0.00000,0.00000,0.00000,0.00000,0.00000,0.00000,0.00000,0.00000,0.00000,0.00000,0.00000
0.00000,0.00000,0.00000,0.00000,0.00000,0.00000,0.00000,0.00000,0.00000,0.00000,0.00000,0.00000,0.00000,0.00000,0.00000,0.00000,0.00000,0.00000,0.00000,0.00000,0.00000,0.00000,0.00000,0.00000,0.00000,0.00000,0.00000,0.00000,0.00000,0.00000,0.00000,0.00000,0.00000,0.00000,0.00000,0.00000,0.00000,0.00000,0.00000,0.07711,0.30920,0.34857,0.34837,0.34781,0.34795,0.34852,0.34784,0.34706,0.34726,0.34788,0.34660,0.34732,0.34806,0.34790,0.34748,0.34617,0.34834,0.34688,0.34797,0.34710,0.34626,0.34681,0.34551,0.34460,0.34473,0.34513,0.34440,0.34365,0.34547,0.34456,0.34507,0.34456,0.34465,0.34537,0.34531,0.34429,0.34409,0.34484,0.34482,0.34506,0.34513,0.34495,0.34522,0.34790,0.34580,0.34733,0.34790,0.34693,0.34657,0.34597,0.34650,0.34577,0.34580,0.34549,0.34485,0.34682,0.34535,0.34542,0.34547,0.34608,0.34644,0.34586,0.34684,0.34584,0.34537,0.34622,0.34684,0.34675,0.34799,0.34715,0.34764,0.34757,0.34859,0.34883,0.35052,0.35399,0.36474,0.42911,0.49753,0.44065,0.36057,0.34081,0.33749,0.33472,0.33339,0.33280,0.29591,0.11095,0.00000,0.00000,0.00000,0.00000,0.00000,0.00000,0.00000,0.00000,0.00000,0.00000,0.00000,0.00000,0.00000,0.00000,0.00000,0.00000,0.00000,0.00000,0.00000,0.00000,0.00000,0.00000,0.00000,0.00000,0.00000,0.00000,0.00000,0.00000,0.00000,0.00000,0.00000,0.00000,0.00000,0.00000,0.00000,0.00000,0.00000,0.00000,0.00000,0.00000,0.00000
0.00000,0.00000,0.00000,0.00000,0.00000,0.00000,0.00000,0.00000,0.00000,0.00000,0.00000,0.00000,0.00000,0.00000,0.00000,0.00000,0.00000,0.00000,0.00000,0.00000,0.00000,0.00000,0.00000,0.00000,0.00000,0.00000,0.00000,0.00000,0.00000,0.00000,0.00000,0.00000,0.00000,0.00000,0.00000,0.00000,0.00000,0.00000,0.00000,0.00000,0.00000,0.15477,0.30949,0.34728,0.34861,0.34832,0.34763,0.34784,0.34763,0.34712,0.34799,0.34850,0.34863,0.34735,0.34874,0.34781,0.34755,0.34752,0.34516,0.34691,0.34739,0.34777,0.34628,0.34547,0.34606,0.34604,0.34529,0.34549,0.34484,0.34454,0.34442,0.34465,0.34558,0.34666,0.34555,0.34456,0.34610,0.34642,0.34588,0.34681,0.34768,0.34573,0.34637,0.34637,0.34706,0.34631,0.34673,0.34804,0.34699,0.34721,0.34633,0.34854,0.34752,0.34712,0.34573,0.34704,0.34717,0.34589,0.34502,0.34602,0.34584,0.34617,0.34688,0.34713,0.34595,0.34538,0.34726,0.34746,0.34679,0.34823,0.34823,0.34850,0.34908,0.35229,0.35344,0.38143,0.47283,0.48697,0.39799,0.34775,0.33891,0.33561,0.33539,0.33477,0.33226,0.22233,0.03717,0.00000,0.00000,0.00000,0.00000,0.00000,0.00000,0.00000,0.00000,0.00000,0.00000,0.00000,0.00000,0.00000,0.00000,0.00000,0.00000,0.00000,0.00000,0.00000,0.00000,0.00000,0.00000,0.00000,0.00000,0.00000,0.00000,0.00000,0.00000,0.00000,0.00000,0.00000,0.00000,0.00000,0.00000,0.00000,0.00000,0.00000,0.00000,0.00000,0.00000,0.00000,0.00000
0.00000,0.00000,0.00000,0.00000,0.00000,0.00000,0.00000,0.00000,0.00000,0.00000,0.00000,0.00000,0.00000,0.00000,0.00000,0.00000,0.00000,0.00000,0.00000,0.00000,0.00000,0.00000,0.00000,0.00000,0.00000,0.00000,0.00000,0.00000,0.00000,0.00000,0.00000,0.00000,0.00000,0.00000,0.00000,0.00000,0.00000,0.00000,0.00000,0.00000,0.00000,0.00000,0.03865,0.19362,0.34938,0.34828,0.34808,0.34888,0.34899,0.34819,0.34912,0.34918,0.34750,0.34890,0.34799,0.34792,0.34728,0.34804,0.34633,0.34741,0.34804,0.34768,0.34808,0.34650,0.34735,0.34702,0.34695,0.34557,0.34582,0.34567,0.34487,0.34608,0.34569,0.34526,0.34602,0.34660,0.34712,0.34799,0.34823,0.34837,0.34726,0.34752,0.34797,0.34759,0.34653,0.34704,0.34710,0.34784,0.34764,0.34710,0.34653,0.34726,0.34830,0.34857,0.34799,0.34766,0.34732,0.34764,0.34651,0.34686,0.34675,0.34622,0.34739,0.34728,0.34604,0.34783,0.34819,0.34783,0.34832,0.34945,0.34856,0.35082,0.35173,0.35762,0.39836,0.48898,0.44835,0.36686,0.34252,0.33667,0.33578,0.33485,0.33439,0.29675,0.11115,0.00000,0.00000,0.00000,0.00000,0.00000,0.00000,0.00000,0.00000,0.00000,0.00000,0.00000,0.00000,0.00000,0.00000,0.00000,0.00000,0.00000,0.00000,0.00000,0.00000,0.00000,0.00000,0.00000,0.00000,0.00000,0.00000,0.00000,0.00000,0.00000,0.00000,0.00000,0.00000,0.00000,0.00000,0.00000,0.00000,0.00000,0.00000,0.00000,0.00000,0.00000,0.00000,0.00000,0.00000
0.00000,0.00000,0.00000,0.00000,0.00000,0.00000,0.00000,0.00000,0.00000,0.00000,0.00000,0.00000,0.00000,0.00000,0.00000,0.00000,0.00000,0.00000,0.00000,0.00000,0.00000,0.00000,0.00000,0.00000,0.00000,0.00000,0.00000,0.00000,0.00000,0.00000,0.00000,0.00000,0.00000,0.00000,0.00000,0.00000,0.00000,0.00000,0.00000,0.00000,0.00000,0.00000,0.00000,0.00000,0.03852,0.19457,0.35027,0.34969,0.34967,0.34806,0.34976,0.35085,0.34959,0.34970,0.34970,0.34854,0.34912,0.34941,0.34874,0.34897,0.34744,0.34910,0.34863,0.34835,0.34852,0.34784,0.34708,0.34743,0.34724,0.34881,0.34810,0.34753,0.34721,0.34775,0.34713,0.34938,0.34874,0.34914,0.34907,0.34830,0.34887,0.34907,0.34921,0.34801,0.34806,0.34825,0.34872,0.34857,0.34866,0.34837,0.34790,0.34743,0.34790,0.34932,0.34912,0.34990,0.34852,0.34861,0.34897,0.34852,0.34850,0.34728,0.34859,0.34872,0.34753,0.34770,0.34938,0.34781,0.34923,0.35103,0.35034,0.35390,0.37222,0.44674,0.49795,0.41296,0.34963,0.33833,0.33862,0.33563,0.33512,0.33455,0.18574,0.03726,0.00000,0.00000,0.00000,0.00000,0.00000,0.00000,0.00000,0.00000,0.00000,0.00000,0.00000,0.00000,0.00000,0.00000,0.00000,0.00000,0.00000,0.00000,0.00000,0.00000,0.00000,0.00000,0.00000,0.00000,0.00000,0.00000,0.00000,0.00000,0.00000,0.00000,0.00000,0.00000,0.00000,0.00000,0.00000,0.00000,0.00000,0.00000,0.00000,0.00000,0.00000,0.00000,0.00000,0.00000,0.00000
0.00000,0.00000,0.00000,0.00000,0.00000,0.00000,0.00000,0.00000,0.00000,0.00000,0.00000,0.00000,0.00000,0.00000,0.00000,0.00000,0.00000,0.00000,0.00000,0.00000,0.00000,0.00000,0.00000,0.00000,0.00000,0.00000,0.00000,0.00000,0.00000,0.00000,0.00000,0.00000,0.00000,0.00000,0.00000,0.00000,0.00000,0.00000,0.00000,0.00000,0.00000,0.00000,0.00000,0.00000,0.00000,0.00000,0.03877,0.19499,0.35133,0.35235,0.35178,0.35291,0.35149,0.35089,0.35220,0.35251,0.35193,0.35020,0.35136,0.35154,0.35136,0.34943,0.35131,0.35056,0.35158,0.34921,0.35003,0.35040,0.35176,0.35167,0.34985,0.35102,0.35133,0.35065,0.35211,0.35127,0.35130,0.35016,0.35056,0.35114,0.35114,0.35093,0.35156,0.35109,0.34959,0.35105,0.35142,0.35031,0.35089,0.35151,0.35093,0.34996,0.35124,0.35034,0.34965,0.35051,0.35063,0.35014,0.35027,0.35094,0.35005,0.34985,0.34978,0.35087,0.34976,0.34976,0.34949,0.35206,0.35067,0.35331,0.35931,0.40541,0.48800,0.47839,0.38478,0.34535,0.34052,0.33654,0.33649,0.33592,0.26058,0.07461,0.00000,0.00000,0.00000,0.00000,0.00000,0.00000,0.00000,0.00000,0.00000,0.00000,0.00000,0.00000,0.00000,0.00000,0.00000,0.00000,0.00000,0.00000,0.00000,0.00000,0.00000,0.00000,0.00000,0.00000,0.00000,0.00000,0.00000,0.00000,0.00000,0.00000,0.00000,0.00000,0.00000,0.00000,0.00000,0.00000,0.00000,0.00000,0.00000,0.00000,0.00000,0.00000,0.00000,0.00000,0.00000,0.00000,0.00000
0.00000,0.00000,0.00000,0.00000,0.00000,0.00000,0.00000,0.00000,0.00000,0.00000,0.00000,0.00000,0.00000,0.00000,0.00000,0.00000,0.00000,0.00000,0.00000,0.00000,0.00000,0.00000,0.00000,0.00000,0.00000,0.00000,0.00000,0.00000,0.00000,0.00000,0.00000,0.00000,0.00000,0.00000,0.00000,0.00000,0.00000,0.00000,0.00000,0.00000,0.00000,0.00000,0.00000,0.00000,0.00000,0.00000,0.00000,0.00000,0.03956,0.19763,0.35968,0.35818,0.35922,0.35911,0.35813,0.35902,0.35847,0.35731,0.35847,0.35816,0.35829,0.35683,0.35793,0.35707,0.35968,0.35685,0.35690,0.35875,0.35802,0.35827,0.35924,0.35836,0.36020,0.35845,0.35924,0.35809,0.35755,0.35780,0.35760,0.35696,0.35669,0.35836,0.35827,0.35601,0.35676,0.35721,0.35752,0.35672,0.35658,0.35559,0.35742,0.35658,0.35618,0.35605,0.35490,0.35523,0.35618,0.35523,0.35441,0.35612,0.35446,0.35572,0.35388,0.35439,0.35519,0.35360,0.35441,0.35608,0.35842,0.38002,0.45584,0.50579,0.43932,0.36234,0.34323,0.34027,0.33877,0.33769,0.30023,0.14978,0.00000,0.00000,0.00000,0.00000,0.00000,0.00000,0.00000,0.00000,0.00000,0.00000,0.00000,0.00000,0.00000,0.00000,0.00000,0.00000,0.00000,0.00000,0.00000,0.00000,0.00000,0.00000,0.00000,0.00000,0.00000,0.00000,0.00000,0.00000,0.00000,0.00000,0.00000,0.00000,0.00000,0.00000,0.00000,0.00000,0.00000,0.00000,0.00000,0.00000,0.00000,0.00000,0.00000,0.00000,0.00000,0.00000,0.00000,0.00000,0.00000
0.00000,0.00000,0.00000,0.00000,0.00000,0.00000,0.00000,0.00000,0.00000,0.00000,0.00000,0.00000,0.00000,0.00000,0.00000,0.00000,0.00000,0.00000,0.00000,0.00000,0.00000,0.00000,0.00000,0.00000,0.00000,0.00000,0.00000,0.00000,0.00000,0.00000,0.00000,0.00000,0.00000,0.00000,0.00000,0.00000,0.00000,0.00000,0.00000,0.00000,0.00000,0.00000,0.00000,0.00000,0.00000,0.00000,0.00000,0.00000,0.00000,0.00000,0.04284,0.17599,0.38084,0.43378,0.43511,0.43134,0.43438,0.43225,0.43258,0.43249,0.43662,0.43478,0.43411,0.43363,0.43371,0.43134,0.43035,0.43292,0.43247,0.43263,0.43294,0.43542,0.43230,0.43278,0.43442,0.43064,0.43251,0.43646,0.43229,0.43103,0.43006,0.42806,0.42858,0.43030,0.42917,0.42733,0.42714,0.42853,0.42765,0.42713,0.42611,0.42324,0.42631,0.42437,0.42240,0.42403,0.42131,0.42005,0.41867,0.42107,0.42027,0.41827,0.41674,0.41735,0.41905,0.41785,0.41938,0.42576,0.44118,0.47432,0.45535,0.37430,0.33661,0.33271,0.33065,0.33057,0.25702,0.11120,0.00000,0.00000,0.00000,0.00000,0.00000,0.00000,0.00000,0.00000,0.00000,0.00000,0.00000,0.00000,0.00000,0.00000,0.00000,0.00000,0.00000,0.00000,0.00000,0.00000,0.00000,0.00000,0.00000,0.00000,0.00000,0.00000,0.00000,0.00000,0.00000,0.00000,0.00000,0.00000,0.00000,0.00000,0.00000,0.00000,0.00000,0.00000,0.00000,0.00000,0.00000,0.00000,0.00000,0.00000,0.00000,0.00000,0.00000,0.00000,0.00000,0.00000,0.00000
0.00000,0.00000,0.00000,0.00000,0.00000,0.00000,0.00000,0.00000,0.00000,0.00000,0.00000,0.00000,0.00000,0.00000,0.00000,0.00000,0.00000,0.00000,0.00000,0.00000,0.00000,0.00000,0.00000,0.00000,0.00000,0.00000,0.00000,0.00000,0.00000,0.00000,0.00000,0.00000,0.00000,0.00000,0.00000,0.00000,0.00000,0.00000,0.00000,0.00000,0.00000,0.00000,0.00000,0.00000,0.00000,0.00000,0.00000,0.00000,0.00000,0.00000,0.00000,0.00000,0.00000,0.11049,0.31293,0.44036,0.44249,0.44231,0.44198,0.44428,0.44260,0.44333,0.44228,0.44273,0.44324,0.44525,0.44508,0.44552,0.44656,0.44740,0.44818,0.44847,0.44811,0.44969,0.44955,0.44738,0.45126,0.45042,0.45230,0.45101,0.45132,0.45369,0.45237,0.45431,0.45425,0.45241,0.45686,0.45511,0.45719,0.45828,0.45657,0.46018,0.45930,0.46012,0.46087,0.46182,0.46264,0.46523,0.46588,0.46787,0.46940,0.46905,0.47051,0.47080,0.47168,0.47263,0.46472,0.43194,0.38806,0.34994,0.33060,0.32814,0.32814,0.32814,0.21876,0.05469,0.00000,0.00000,0.00000,0.00000,0.00000,0.00000,0.00000,0.00000,0.00000,0.00000,0.00000,0.00000,0.00000,0.00000,0.00000,0.00000,0.00000,0.00000,0.00000,0.00000,0.00000,0.00000,0.00000,0.00000,0.00000,0.00000,0.00000,0.00000,0.00000,0.00000,0.00000,0.00000,0.00000,0.00000,0.00000,0.00000,0.00000,0.00000,0.00000,0.00000,0.00000,0.00000,0.00000,0.00000,0.00000,0.00000,0.00000,0.00000,0.00000,0.00000,0.00000,0.00000,0.00000
0.00000,0.00000,0.00000,0.00000,0.00000,0.00000,0.00000,0.00000,0.00000,0.00000,0.00000,0.00000,0.00000,0.00000,0.00000,0.00000,0.00000,0.00000,0.00000,0.00000,0.00000,0.00000,0.00000,0.00000,0.00000,0.00000,0.00000,0.00000,0.00000,0.00000,0.00000,0.00000,0.00000,0.00000,0.00000,0.00000,0.00000,0.00000,0.00000,0.00000,0.00000,0.00000,0.00000,0.00000,0.00000,0.00000,0.00000,0.00000,0.00000,0.00000,0.00000,0.00000,0.00000,0.00000,0.00000,0.00000,0.11755,0.27146,0.34640,0.34681,0.34655,0.34779,0.34757,0.34794,0.34768,0.34834,0.34797,0.34877,0.34801,0.34863,0.34938,0.34927,0.35000,0.34773,0.34954,0.34967,0.34835,0.35020,0.34914,0.34989,0.35016,0.34845,0.34981,0.34885,0.34978,0.34784,0.34755,0.35020,0.34866,0.34897,0.34775,0.34856,0.34899,0.34905,0.34846,0.34888,0.34856,0.34876,0.34852,0.34967,0.34958,0.34843,0.35021,0.35074,0.35027,0.34318,0.33286,0.32899,0.33736,0.34405,0.34126,0.26335,0.11138,0.00000,0.00000,0.00000,0.00000,0.00000,0.00000,0.00000,0.00000,0.00000,0.00000,0.00000,0.00000,0.00000,0.00000,0.00000,0.00000,0.00000,0.00000,0.00000,0.00000,0.00000,0.00000,0.00000,0.00000,0.00000,0.00000,0.00000,0.00000,0.00000,0.00000,0.00000,0.00000,0.00000,0.00000,0.00000,0.00000,0.00000,0.00000,0.00000,0.00000,0.00000,0.00000,0.00000,0.00000,0.00000,0.00000,0.00000,0.00000,0.00000,0.00000,0.00000,0.00000,0.00000,0.00000,0.00000,0.00000
0.00000,0.00000,0.00000,0.00000,0.00000,0.00000,0.00000,0.00000,0.00000,0.00000,0.00000,0.00000,0.00000,0.00000,0.00000,0.00000,0.00000,0.00000,0.00000,0.00000,0.00000,0.00000,0.00000,0.00000,0.00000,0.00000,0.00000,0.00000,0.00000,0.00000,0.00000,0.00000,0.00000,0.00000,0.00000,0.00000,0.00000,0.00000,0.00000,0.00000,0.00000,0.00000,0.00000,0.00000,0.00000,0.00000,0.00000,0.00000,0.00000,0.00000,0.00000,0.00000,0.00000,0.00000,0.00000,0.00000,0.00000,0.00000,0.00000,0.11297,0.22563,0.33793,0.33871,0.33889,0.33756,0.33802,0.33860,0.33862,0.33838,0.33754,0.33966,0.33877,0.33815,0.33948,0.33842,0.33853,0.33891,0.33893,0.33871,0.33926,0.33973,0.33816,0.33975,0.33776,0.33864,0.33785,0.33864,0.33849,0.33867,0.33836,0.33723,0.33860,0.33818,0.33909,0.33765,0.33857,0.33895,0.33864,0.33926,0.33966,0.34021,0.34032,0.33962,0.33846,0.33076,0.32814,0.33023,0.33973,0.22868,0.11350,0.00000,0.00000,0.00000,0.00000,0.00000,0.00000,0.00000,0.00000,0.00000,0.00000,0.00000,0.00000,0.00000,0.00000,0.00000,0.00000,0.00000,0.00000,0.00000,0.00000,0.00000,0.00000,0.00000,0.00000,0.00000,0.00000,0.00000,0.00000,0.00000,0.00000,0.00000,0.00000,0.00000,0.00000,0.00000,0.00000,0.00000,0.00000,0.00000,0.00000,0.00000,0.00000,0.00000,0.00000,0.00000,0.00000,0.00000,0.00000,0.00000,0.00000,0.00000,0.00000,0.00000,0.00000,0.00000,0.00000,0.00000,0.00000,0.00000
0.00000,0.00000,0.00000,0.00000,0.00000,0.00000,0.00000,0.00000,0.00000,0.00000,0.00000,0.00000,0.00000,0.00000,0.00000,0.00000,0.00000,0.00000,0.00000,0.00000,0.00000,0.00000,0.00000,0.00000,0.00000,0.00000,0.00000,0.00000,0.00000,0.00000,0.00000,0.00000,0.00000,0.00000,0.00000,0.00000,0.00000,0.00000,0.00000,0.00000,0.00000,0.00000,0.00000,0.00000,0.00000,0.00000,0.00000,0.00000,0.00000,0.00000,0.00000,0.00000,0.00000,0.00000,0.00000,0.00000,0.00000,0.00000,0.00000,0.00000,0.00000,0.00000,0.07500,0.14925,0.22310,0.33610,0.33561,0.33607,0.33598,0.33585,0.33539,0.33603,0.33671,0.33612,0.33625,0.33568,0.33641,0.33667,0.33672,0.33592,0.33607,0.33691,0.33572,0.33574,0.33618,0.33574,0.33559,0.33663,0.33541,0.33629,0.33523,0.33550,0.33558,0.33596,0.33512,0.33530,0.33578,0.33702,0.33707,0.33709,0.33765,0.33782,0.33138,0.32814,0.21876,0.14620,0.07533,0.00000,0.00000,0.00000,0.00000,0.00000,0.00000,0.00000,0.00000,0.00000,0.00000,0.00000,0.00000,0.00000,0.00000,0.00000,0.00000,0.00000,0.00000,0.00000,0.00000,0.00000,0.00000,0.00000,0.00000,0.00000,0.00000,0.00000,0.00000,0.00000,0.00000,0.00000,0.00000,0.00000,0.00000,0.00000,0.00000,0.00000,0.00000,0.00000,0.00000,0.00000,0.00000,0.00000,0.00000,0.00000,0.00000,0.00000,0.00000,0.00000,0.00000,0.00000,0.00000,0.00000,0.00000,0.00000,0.00000,0.00000,0.00000,0.00000,0.00000,0.00000,0.00000
0.00000,0.00000,0.00000,0.00000,0.00000,0.00000,0.00000,0.00000,0.00000,0.00000,0.00000,0.00000,0.00000,0.00000,0.00000,0.00000,0.00000,0.00000,0.00000,0.00000,0.00000,0.00000,0.00000,0.00000,0.00000,0.00000,0.00000,0.00000,0.00000,0.00000,0.00000,0.00000,0.00000,0.00000,0.00000,0.00000,0.00000,0.00000,0.00000,0.00000,0.00000,0.00000,0.00000,0.00000,0.00000,0.00000,0.00000,0.00000,0.00000,0.00000,0.00000,0.00000,0.00000,0.00000,0.00000,0.00000,0.00000,0.00000,0.00000,0.00000,0.00000,0.00000,0.00000,0.00000,0.00000,0.00000,0.07447,0.11153,0.22324,0.25990,0.33448,0.33554,0.33558,0.33448,0.33527,0.33368,0.33526,0.33599,0.33499,0.33501,0.33459,0.33532,0.33485,0.33512,0.33439,0.33424,0.33510,0.33538,0.33497,0.33463,0.33455,0.33477,0.33415,0.33497,0.33532,0.33443,0.33474,0.33578,0.33689,0.26134,0.22293,0.11031,0.07292,0.00000,0.00000,0.00000,0.00000,0.00000,0.00000,0.00000,0.00000,0.00000,0.00000,0.00000,0.00000,0.00000,0.00000,0.00000,0.00000,0.00000,0.00000,0.00000,0.00000,0.00000,0.00000,0.00000,0.00000,0.00000,0.00000,0.00000,0.00000,0.00000,0.00000,0.00000,0.00000,0.00000,0.00000,0.00000,0.00000,0.00000,0.00000,0.00000,0.00000,0.00000,0.00000,0.00000,0.00000,0.00000,0.00000,0.00000,0.00000,0.00000,0.00000,0.00000,0.00000,0.00000,0.00000,0.00000,0.00000,0.00000,0.00000,0.00000,0.00000,0.00000,0.00000,0.00000,0.00000,0.00000,0.00000
0.00000,0.00000,0.00000,0.00000,0.00000,0.00000,0.00000,0.00000,0.00000,0.00000,0.00000,0.00000,0.00000,0.00000,0.00000,0.00000,0.00000,0.00000,0.00000,0.00000,0.00000,0.00000,0.00000,0.00000,0.00000,0.00000,0.00000,0.00000,0.00000,0.00000,0.00000,0.00000,0.00000,0.00000,0.00000,0.00000,0.00000,0.00000,0.00000,0.00000,0.00000,0.00000,0.00000,0.00000,0.00000,0.00000,0.00000,0.00000,0.00000,0.00000,0.00000,0.00000,0.00000,0.00000,0.00000,0.00000,0.00000,0.00000,0.00000,0.00000,0.00000,0.00000,0.00000,0.00000,0.00000,0.00000,0.00000,0.00000,0.00000,0.00000,0.00000,0.03726,0.11168,0.11138,0.22282,0.22235,0.25130,0.33404,0.33505,0.33432,0.33423,0.33383,0.33496,0.33486,0.33361,0.33397,0.33477,0.33428,0.33381,0.33508,0.33441,0.33404,0.22304,0.22266,0.22383,0.11128,0.11164,0.03719,0.00000,0.00000,0.00000,0.00000,0.00000,0.00000,0.00000,0.00000,0.00000,0.00000,0.00000,0.00000,0.00000,0.00000,0.00000,0.00000,0.00000,0.00000,0.00000,0.00000,0.00000,0.00000,0.00000,0.00000,0.00000,0.00000,0.00000,0.00000,0.00000,0.00000,0.00000,0.00000,0.00000,0.00000,0.00000,0.00000,0.00000,0.00000,0.00000,0.00000,0.00000,0.00000,0.00000,0.00000,0.00000,0.00000,0.00000,0.00000,0.00000,0.00000,0.00000,0.00000,0.00000,0.00000,0.00000,0.00000,0.00000,0.00000,0.00000,0.00000,0.00000,0.00000,0.00000,0.00000,0.00000,0.00000,0.00000,0.00000,0.00000,0.00000,0.00000
